Date:	2023-08-23		
Time:	12:11		
Sample name:	MI1A_B_C		
Position:	619.000049	mm	
Sample surface:	4.816601	cm	
Tube anode:	Mo		
Tube voltage:	30	kV	
Tube current:	30	mA	
Comments	not in position		
Gain	0.060000		
peaking_time	1.500000	m-sec	
trigger_threshold	653.076172	V	
mca_bin_width	17.500000	no:	
number_mca_channels	1024.000000	no:	
gap_time	0.080000	m-sec	
trigger_peaking_time	0.060000	m-sec	
livetime	6.103330	seconds	
runtime	10.007212	seconds	
input_count_rate	71394.857905	cps	
output_count_rate	43543.394414	cps	
triggers	0	seconds	
events_in_run	0	seconds	
channel	content		
 1.00	 0.00
 2.00	 0.00
 3.00	 0.00
 4.00	 0.00
 5.00	 0.00
 6.00	 0.00
 7.00	 0.00
 8.00	 0.00
 9.00	 0.00
10.00	 0.00
11.00	 0.00
12.00	 0.00
13.00	 0.00
14.00	 0.00
15.00	 0.00
16.00	 0.00
17.00	 0.00
18.00	 0.00
19.00	 0.00
20.00	 0.00
21.00	 0.00
22.00	 0.00
23.00	 0.00
24.00	 0.00
25.00	 0.00
26.00	 0.00
27.00	 0.00
28.00	 0.00
29.00	 0.00
30.00	 0.00
31.00	 0.00
32.00	 0.00
33.00	 0.00
34.00	 0.00
35.00	 1.00
36.00	 0.00
37.00	 3.00
38.00	 5.00
39.00	12.00
40.00	14.00
41.00	12.00
42.00	19.00
43.00	27.00
44.00	31.00
45.00	32.00
46.00	59.00
47.00	77.00
48.00	118.00
49.00	124.00
50.00	180.00
51.00	204.00
52.00	257.00
53.00	302.00
54.00	367.00
55.00	415.00
56.00	527.00
57.00	600.00
58.00	630.00
59.00	697.00
60.00	793.00
61.00	882.00
62.00	1000.00
63.00	991.00
64.00	1122.00
65.00	1151.00
66.00	1228.00
67.00	1190.00
68.00	1296.00
69.00	1259.00
70.00	1214.00
71.00	1259.00
72.00	1283.00
73.00	1335.00
74.00	1248.00
75.00	1314.00
76.00	1272.00
77.00	1242.00
78.00	1269.00
79.00	1217.00
80.00	1192.00
81.00	1227.00
82.00	1215.00
83.00	1245.00
84.00	1220.00
85.00	1216.00
86.00	1225.00
87.00	1231.00
88.00	1124.00
89.00	1176.00
90.00	1045.00
91.00	1038.00
92.00	1013.00
93.00	1012.00
94.00	946.00
95.00	975.00
96.00	976.00
97.00	878.00
98.00	922.00
99.00	957.00
100.00	898.00
101.00	898.00
102.00	888.00
103.00	848.00
104.00	852.00
105.00	914.00
106.00	861.00
107.00	911.00
108.00	856.00
109.00	854.00
110.00	831.00
111.00	855.00
112.00	810.00
113.00	787.00
114.00	791.00
115.00	723.00
116.00	773.00
117.00	754.00
118.00	723.00
119.00	693.00
120.00	681.00
121.00	691.00
122.00	693.00
123.00	612.00
124.00	618.00
125.00	632.00
126.00	624.00
127.00	581.00
128.00	563.00
129.00	617.00
130.00	587.00
131.00	611.00
132.00	600.00
133.00	571.00
134.00	553.00
135.00	581.00
136.00	511.00
137.00	502.00
138.00	518.00
139.00	494.00
140.00	500.00
141.00	502.00
142.00	511.00
143.00	508.00
144.00	444.00
145.00	449.00
146.00	438.00
147.00	437.00
148.00	463.00
149.00	476.00
150.00	438.00
151.00	431.00
152.00	409.00
153.00	431.00
154.00	449.00
155.00	441.00
156.00	386.00
157.00	426.00
158.00	412.00
159.00	399.00
160.00	427.00
161.00	429.00
162.00	452.00
163.00	478.00
164.00	512.00
165.00	669.00
166.00	773.00
167.00	914.00
168.00	1050.00
169.00	1161.00
170.00	1184.00
171.00	1175.00
172.00	1110.00
173.00	924.00
174.00	831.00
175.00	736.00
176.00	579.00
177.00	511.00
178.00	424.00
179.00	430.00
180.00	435.00
181.00	407.00
182.00	413.00
183.00	390.00
184.00	410.00
185.00	403.00
186.00	417.00
187.00	370.00
188.00	393.00
189.00	326.00
190.00	315.00
191.00	326.00
192.00	322.00
193.00	332.00
194.00	321.00
195.00	324.00
196.00	303.00
197.00	282.00
198.00	303.00
199.00	327.00
200.00	307.00
201.00	294.00
202.00	328.00
203.00	341.00
204.00	375.00
205.00	414.00
206.00	494.00
207.00	578.00
208.00	647.00
209.00	685.00
210.00	876.00
211.00	915.00
212.00	944.00
213.00	1011.00
214.00	900.00
215.00	815.00
216.00	706.00
217.00	581.00
218.00	468.00
219.00	433.00
220.00	389.00
221.00	335.00
222.00	345.00
223.00	351.00
224.00	338.00
225.00	351.00
226.00	338.00
227.00	377.00
228.00	378.00
229.00	398.00
230.00	399.00
231.00	393.00
232.00	416.00
233.00	379.00
234.00	363.00
235.00	361.00
236.00	331.00
237.00	315.00
238.00	316.00
239.00	320.00
240.00	316.00
241.00	319.00
242.00	320.00
243.00	321.00
244.00	349.00
245.00	343.00
246.00	367.00
247.00	353.00
248.00	355.00
249.00	351.00
250.00	368.00
251.00	400.00
252.00	417.00
253.00	463.00
254.00	536.00
255.00	582.00
256.00	609.00
257.00	744.00
258.00	729.00
259.00	741.00
260.00	755.00
261.00	688.00
262.00	624.00
263.00	605.00
264.00	614.00
265.00	534.00
266.00	535.00
267.00	543.00
268.00	543.00
269.00	472.00
270.00	489.00
271.00	489.00
272.00	501.00
273.00	506.00
274.00	502.00
275.00	426.00
276.00	497.00
277.00	520.00
278.00	561.00
279.00	572.00
280.00	566.00
281.00	600.00
282.00	564.00
283.00	594.00
284.00	638.00
285.00	645.00
286.00	591.00
287.00	589.00
288.00	639.00
289.00	591.00
290.00	624.00
291.00	651.00
292.00	631.00
293.00	657.00
294.00	652.00
295.00	635.00
296.00	689.00
297.00	649.00
298.00	674.00
299.00	709.00
300.00	727.00
301.00	713.00
302.00	750.00
303.00	767.00
304.00	757.00
305.00	798.00
306.00	832.00
307.00	849.00
308.00	881.00
309.00	900.00
310.00	911.00
311.00	893.00
312.00	949.00
313.00	926.00
314.00	953.00
315.00	913.00
316.00	928.00
317.00	949.00
318.00	983.00
319.00	916.00
320.00	991.00
321.00	949.00
322.00	1013.00
323.00	1021.00
324.00	1052.00
325.00	1029.00
326.00	997.00
327.00	1046.00
328.00	1025.00
329.00	1103.00
330.00	1142.00
331.00	1165.00
332.00	1159.00
333.00	1166.00
334.00	1178.00
335.00	1236.00
336.00	1270.00
337.00	1343.00
338.00	1280.00
339.00	1263.00
340.00	1309.00
341.00	1339.00
342.00	1341.00
343.00	1349.00
344.00	1380.00
345.00	1326.00
346.00	1423.00
347.00	1423.00
348.00	1400.00
349.00	1312.00
350.00	1474.00
351.00	1441.00
352.00	1652.00
353.00	1707.00
354.00	1815.00
355.00	2014.00
356.00	2394.00
357.00	2857.00
358.00	3701.00
359.00	4969.00
360.00	6485.00
361.00	8827.00
362.00	11133.00
363.00	13949.00
364.00	16360.00
365.00	18919.00
366.00	20484.00
367.00	20837.00
368.00	20161.00
369.00	18809.00
370.00	16527.00
371.00	13776.00
372.00	11113.00
373.00	8588.00
374.00	6572.00
375.00	4958.00
376.00	3946.00
377.00	3255.00
378.00	2770.00
379.00	2564.00
380.00	2385.00
381.00	2261.00
382.00	2305.00
383.00	2401.00
384.00	2274.00
385.00	2363.00
386.00	2409.00
387.00	2497.00
388.00	2423.00
389.00	2521.00
390.00	2609.00
391.00	2615.00
392.00	2690.00
393.00	2701.00
394.00	2870.00
395.00	3030.00
396.00	3290.00
397.00	3514.00
398.00	3953.00
399.00	4436.00
400.00	4768.00
401.00	5245.00
402.00	5609.00
403.00	6079.00
404.00	6091.00
405.00	6180.00
406.00	5897.00
407.00	5816.00
408.00	5395.00
409.00	4980.00
410.00	4560.00
411.00	4224.00
412.00	3890.00
413.00	3838.00
414.00	3505.00
415.00	3519.00
416.00	3566.00
417.00	3485.00
418.00	3629.00
419.00	3721.00
420.00	3774.00
421.00	3980.00
422.00	4251.00
423.00	4459.00
424.00	4598.00
425.00	4818.00
426.00	5031.00
427.00	5090.00
428.00	5243.00
429.00	5183.00
430.00	5066.00
431.00	4983.00
432.00	4858.00
433.00	4762.00
434.00	4719.00
435.00	4613.00
436.00	4450.00
437.00	4392.00
438.00	4347.00
439.00	4341.00
440.00	4471.00
441.00	4412.00
442.00	4309.00
443.00	4558.00
444.00	4495.00
445.00	4656.00
446.00	4791.00
447.00	4736.00
448.00	4714.00
449.00	4771.00
450.00	4898.00
451.00	4823.00
452.00	5033.00
453.00	5070.00
454.00	5278.00
455.00	5429.00
456.00	5507.00
457.00	5506.00
458.00	5812.00
459.00	5878.00
460.00	6098.00
461.00	6133.00
462.00	6285.00
463.00	6268.00
464.00	6413.00
465.00	6521.00
466.00	6624.00
467.00	6505.00
468.00	6622.00
469.00	6716.00
470.00	6749.00
471.00	6746.00
472.00	6815.00
473.00	6840.00
474.00	6804.00
475.00	6854.00
476.00	6862.00
477.00	7090.00
478.00	6914.00
479.00	7099.00
480.00	7065.00
481.00	7113.00
482.00	7038.00
483.00	7250.00
484.00	6901.00
485.00	6867.00
486.00	6859.00
487.00	6778.00
488.00	6692.00
489.00	6804.00
490.00	6927.00
491.00	6806.00
492.00	6873.00
493.00	6807.00
494.00	6961.00
495.00	7112.00
496.00	7070.00
497.00	7117.00
498.00	7180.00
499.00	7158.00
500.00	7266.00
501.00	7293.00
502.00	7279.00
503.00	7286.00
504.00	7326.00
505.00	7424.00
506.00	7571.00
507.00	7760.00
508.00	7646.00
509.00	7714.00
510.00	7889.00
511.00	7851.00
512.00	7898.00
513.00	8130.00
514.00	7972.00
515.00	8106.00
516.00	8187.00
517.00	8233.00
518.00	8382.00
519.00	8352.00
520.00	8443.00
521.00	8524.00
522.00	8560.00
523.00	8785.00
524.00	8674.00
525.00	9011.00
526.00	8929.00
527.00	9075.00
528.00	9335.00
529.00	9294.00
530.00	9553.00
531.00	9613.00
532.00	9623.00
533.00	9784.00
534.00	9925.00
535.00	9954.00
536.00	10063.00
537.00	10067.00
538.00	10240.00
539.00	10245.00
540.00	10167.00
541.00	10386.00
542.00	10491.00
543.00	10564.00
544.00	10448.00
545.00	10545.00
546.00	10672.00
547.00	10797.00
548.00	10880.00
549.00	11024.00
550.00	10987.00
551.00	11180.00
552.00	11227.00
553.00	11109.00
554.00	11388.00
555.00	11209.00
556.00	11492.00
557.00	11600.00
558.00	11399.00
559.00	11354.00
560.00	11458.00
561.00	11300.00
562.00	11573.00
563.00	11439.00
564.00	11494.00
565.00	11492.00
566.00	11465.00
567.00	11419.00
568.00	11633.00
569.00	11784.00
570.00	11604.00
571.00	11915.00
572.00	11804.00
573.00	11682.00
574.00	12087.00
575.00	11982.00
576.00	12153.00
577.00	12105.00
578.00	12018.00
579.00	12087.00
580.00	12143.00
581.00	12150.00
582.00	12357.00
583.00	12309.00
584.00	12431.00
585.00	12726.00
586.00	12593.00
587.00	12510.00
588.00	12603.00
589.00	12798.00
590.00	12892.00
591.00	13063.00
592.00	13036.00
593.00	12955.00
594.00	13084.00
595.00	13222.00
596.00	13066.00
597.00	13136.00
598.00	13442.00
599.00	13364.00
600.00	13366.00
601.00	13505.00
602.00	13528.00
603.00	13712.00
604.00	13569.00
605.00	13606.00
606.00	13850.00
607.00	14277.00
608.00	13994.00
609.00	13980.00
610.00	14234.00
611.00	14129.00
612.00	14156.00
613.00	14173.00
614.00	14681.00
615.00	14527.00
616.00	14648.00
617.00	14815.00
618.00	14871.00
619.00	14797.00
620.00	15117.00
621.00	15049.00
622.00	15102.00
623.00	14950.00
624.00	15252.00
625.00	15335.00
626.00	15354.00
627.00	15452.00
628.00	15508.00
629.00	15428.00
630.00	15594.00
631.00	15733.00
632.00	15458.00
633.00	15776.00
634.00	15785.00
635.00	15843.00
636.00	15957.00
637.00	16021.00
638.00	16095.00
639.00	16259.00
640.00	16144.00
641.00	16292.00
642.00	16453.00
643.00	16355.00
644.00	16741.00
645.00	16689.00
646.00	16590.00
647.00	16809.00
648.00	16622.00
649.00	16744.00
650.00	16839.00
651.00	17022.00
652.00	16753.00
653.00	16763.00
654.00	17064.00
655.00	16914.00
656.00	17288.00
657.00	17476.00
658.00	17397.00
659.00	17306.00
660.00	17771.00
661.00	17289.00
662.00	17588.00
663.00	17382.00
664.00	17952.00
665.00	17862.00
666.00	17780.00
667.00	18063.00
668.00	18172.00
669.00	18352.00
670.00	18308.00
671.00	18657.00
672.00	18795.00
673.00	19031.00
674.00	19602.00
675.00	19788.00
676.00	20124.00
677.00	20520.00
678.00	20701.00
679.00	21111.00
680.00	21867.00
681.00	21934.00
682.00	21708.00
683.00	21804.00
684.00	21871.00
685.00	21330.00
686.00	21338.00
687.00	21112.00
688.00	20602.00
689.00	20300.00
690.00	20208.00
691.00	19976.00
692.00	19837.00
693.00	19691.00
694.00	19917.00
695.00	19564.00
696.00	20040.00
697.00	19668.00
698.00	19879.00
699.00	19979.00
700.00	19843.00
701.00	19973.00
702.00	20119.00
703.00	20183.00
704.00	20266.00
705.00	20153.00
706.00	20429.00
707.00	20415.00
708.00	20531.00
709.00	20608.00
710.00	20564.00
711.00	20324.00
712.00	20706.00
713.00	20966.00
714.00	20871.00
715.00	20985.00
716.00	21059.00
717.00	21068.00
718.00	20858.00
719.00	21082.00
720.00	21134.00
721.00	21447.00
722.00	21195.00
723.00	21169.00
724.00	21259.00
725.00	21485.00
726.00	21396.00
727.00	21593.00
728.00	21626.00
729.00	21464.00
730.00	21593.00
731.00	21604.00
732.00	21625.00
733.00	21810.00
734.00	22067.00
735.00	22006.00
736.00	21814.00
737.00	21927.00
738.00	21971.00
739.00	22105.00
740.00	22253.00
741.00	22098.00
742.00	21957.00
743.00	22209.00
744.00	22091.00
745.00	22307.00
746.00	22255.00
747.00	22597.00
748.00	22466.00
749.00	22401.00
750.00	22477.00
751.00	22767.00
752.00	22615.00
753.00	23055.00
754.00	23026.00
755.00	22777.00
756.00	23394.00
757.00	23154.00
758.00	23673.00
759.00	23428.00
760.00	23519.00
761.00	23567.00
762.00	23514.00
763.00	23316.00
764.00	23554.00
765.00	23620.00
766.00	23762.00
767.00	23441.00
768.00	23506.00
769.00	23230.00
770.00	23434.00
771.00	23162.00
772.00	23455.00
773.00	23437.00
774.00	23234.00
775.00	23409.00
776.00	23533.00
777.00	23519.00
778.00	23629.00
779.00	23613.00
780.00	23871.00
781.00	23618.00
782.00	23627.00
783.00	23649.00
784.00	24048.00
785.00	23849.00
786.00	23848.00
787.00	24025.00
788.00	23858.00
789.00	23676.00
790.00	24089.00
791.00	23885.00
792.00	24395.00
793.00	24158.00
794.00	24106.00
795.00	24374.00
796.00	24164.00
797.00	24480.00
798.00	24213.00
799.00	24289.00
800.00	24576.00
801.00	24616.00
802.00	24776.00
803.00	24682.00
804.00	24653.00
805.00	24613.00
806.00	25049.00
807.00	25161.00
808.00	25036.00
809.00	25381.00
810.00	25249.00
811.00	25381.00
812.00	25299.00
813.00	24980.00
814.00	25277.00
815.00	25115.00
816.00	25109.00
817.00	25107.00
818.00	25149.00
819.00	24941.00
820.00	25012.00
821.00	24932.00
822.00	25291.00
823.00	25309.00
824.00	24652.00
825.00	24963.00
826.00	25163.00
827.00	25073.00
828.00	25114.00
829.00	25192.00
830.00	25485.00
831.00	25343.00
832.00	25035.00
833.00	25164.00
834.00	25650.00
835.00	25417.00
836.00	25449.00
837.00	25406.00
838.00	25275.00
839.00	25708.00
840.00	25663.00
841.00	25654.00
842.00	25217.00
843.00	25479.00
844.00	25618.00
845.00	25634.00
846.00	25461.00
847.00	25844.00
848.00	25697.00
849.00	25695.00
850.00	26118.00
851.00	25848.00
852.00	25634.00
853.00	26039.00
854.00	25840.00
855.00	25936.00
856.00	26280.00
857.00	25839.00
858.00	26343.00
859.00	26267.00
860.00	26285.00
861.00	26518.00
862.00	26261.00
863.00	26268.00
864.00	26169.00
865.00	26143.00
866.00	26731.00
867.00	26629.00
868.00	26561.00
869.00	26712.00
870.00	26717.00
871.00	26947.00
872.00	27095.00
873.00	27203.00
874.00	27294.00
875.00	27330.00
876.00	26998.00
877.00	27359.00
878.00	27357.00
879.00	27499.00
880.00	27970.00
881.00	27710.00
882.00	28116.00
883.00	27799.00
884.00	28162.00
885.00	28338.00
886.00	28429.00
887.00	28577.00
888.00	28906.00
889.00	29125.00
890.00	28732.00
891.00	29743.00
892.00	29751.00
893.00	30035.00
894.00	30091.00
895.00	30294.00
896.00	30577.00
897.00	31325.00
898.00	31323.00
899.00	31556.00
900.00	31916.00
901.00	32727.00
902.00	32925.00
903.00	33586.00
904.00	33989.00
905.00	34399.00
906.00	34900.00
907.00	35922.00
908.00	36532.00
909.00	37262.00
910.00	38085.00
911.00	39352.00
912.00	40141.00
913.00	41414.00
914.00	42653.00
915.00	44094.00
916.00	46052.00
917.00	47942.00
918.00	49818.00
919.00	51957.00
920.00	54909.00
921.00	57541.00
922.00	60952.00
923.00	64065.00
924.00	67778.00
925.00	71112.00
926.00	75426.00
927.00	78864.00
928.00	83257.00
929.00	87624.00
930.00	91513.00
931.00	95641.00
932.00	99061.00
933.00	102672.00
934.00	106613.00
935.00	109619.00
936.00	112768.00
937.00	114889.00
938.00	116567.00
939.00	117197.00
940.00	117785.00
941.00	118276.00
942.00	117621.00
943.00	116692.00
944.00	113982.00
945.00	112854.00
946.00	109734.00
947.00	106720.00
948.00	103605.00
949.00	99849.00
950.00	95954.00
951.00	92184.00
952.00	88131.00
953.00	82800.00
954.00	79354.00
955.00	74611.00
956.00	70941.00
957.00	67091.00
958.00	63359.00
959.00	59346.00
960.00	56146.00
961.00	53006.00
962.00	49726.00
963.00	47005.00
964.00	44442.00
965.00	42209.00
966.00	40203.00
967.00	38506.00
968.00	36388.00
969.00	35234.00
970.00	33547.00
971.00	32238.00
972.00	31365.00
973.00	30414.00
974.00	29465.00
975.00	28470.00
976.00	28023.00
977.00	27437.00
978.00	26602.00
979.00	26596.00
980.00	26710.00
981.00	26726.00
982.00	27304.00
983.00	27449.00
984.00	28754.00
985.00	29723.00
986.00	31224.00
987.00	32723.00
988.00	34684.00
989.00	36760.00
990.00	39075.00
991.00	41247.00
992.00	43721.00
993.00	45643.00
994.00	47599.00
995.00	48858.00
996.00	49704.00
997.00	49660.00
998.00	49477.00
999.00	48608.00
1000.00	46838.00
1001.00	45092.00
1002.00	42715.00
1003.00	39546.00
1004.00	37279.00
1005.00	34179.00
1006.00	31715.00
1007.00	29244.00
1008.00	27046.00
1009.00	25306.00
1010.00	23970.00
1011.00	22720.00
1012.00	22293.00
1013.00	21241.00
1014.00	20834.00
1015.00	20709.00
1016.00	20726.00
1017.00	20487.00
1018.00	20503.00
1019.00	20336.00
1020.00	20656.00
1021.00	20526.00
1022.00	20909.00
1023.00	21086.00
1024.00	21143.00
