Date:	2023-08-22		
Time:	19:31		
Sample name:	DP1_DP2_NEB8A		
Position:	1190.000049	mm	
Sample surface:	5.201472	cm	
Tube anode:	Mo		
Tube voltage:	30	kV	
Tube current:	30	mA	
Comments	not in position		
Gain	0.060000		
peaking_time	1.500000	m-sec	
trigger_threshold	653.076172	V	
mca_bin_width	17.500000	no:	
number_mca_channels	1024.000000	no:	
gap_time	0.080000	m-sec	
trigger_peaking_time	0.060000	m-sec	
livetime	6.248085	seconds	
runtime	10.007257	seconds	
input_count_rate	64590.045299	cps	
output_count_rate	40326.135485	cps	
triggers	0	seconds	
events_in_run	0	seconds	
channel	content		
 1.00	 0.00
 2.00	 0.00
 3.00	 0.00
 4.00	 0.00
 5.00	 0.00
 6.00	 0.00
 7.00	 0.00
 8.00	 0.00
 9.00	 0.00
10.00	 0.00
11.00	 0.00
12.00	 0.00
13.00	 0.00
14.00	 0.00
15.00	 0.00
16.00	 0.00
17.00	 0.00
18.00	 0.00
19.00	 0.00
20.00	 0.00
21.00	 0.00
22.00	 0.00
23.00	 0.00
24.00	 0.00
25.00	 0.00
26.00	 0.00
27.00	 0.00
28.00	 0.00
29.00	 0.00
30.00	 0.00
31.00	 0.00
32.00	 0.00
33.00	 0.00
34.00	 0.00
35.00	 0.00
36.00	 0.00
37.00	 0.00
38.00	 1.00
39.00	 0.00
40.00	 1.00
41.00	 0.00
42.00	 3.00
43.00	 1.00
44.00	 1.00
45.00	 3.00
46.00	 4.00
47.00	 7.00
48.00	11.00
49.00	10.00
50.00	16.00
51.00	12.00
52.00	16.00
53.00	25.00
54.00	30.00
55.00	35.00
56.00	41.00
57.00	43.00
58.00	61.00
59.00	53.00
60.00	63.00
61.00	94.00
62.00	88.00
63.00	86.00
64.00	96.00
65.00	94.00
66.00	89.00
67.00	107.00
68.00	95.00
69.00	103.00
70.00	107.00
71.00	107.00
72.00	96.00
73.00	113.00
74.00	112.00
75.00	101.00
76.00	100.00
77.00	95.00
78.00	108.00
79.00	97.00
80.00	107.00
81.00	102.00
82.00	116.00
83.00	83.00
84.00	92.00
85.00	100.00
86.00	99.00
87.00	91.00
88.00	91.00
89.00	110.00
90.00	88.00
91.00	83.00
92.00	109.00
93.00	77.00
94.00	77.00
95.00	73.00
96.00	83.00
97.00	67.00
98.00	64.00
99.00	95.00
100.00	58.00
101.00	72.00
102.00	99.00
103.00	76.00
104.00	61.00
105.00	73.00
106.00	84.00
107.00	87.00
108.00	73.00
109.00	75.00
110.00	60.00
111.00	65.00
112.00	70.00
113.00	63.00
114.00	74.00
115.00	78.00
116.00	66.00
117.00	63.00
118.00	54.00
119.00	54.00
120.00	68.00
121.00	54.00
122.00	51.00
123.00	51.00
124.00	60.00
125.00	62.00
126.00	58.00
127.00	49.00
128.00	46.00
129.00	57.00
130.00	49.00
131.00	62.00
132.00	45.00
133.00	41.00
134.00	53.00
135.00	49.00
136.00	50.00
137.00	40.00
138.00	42.00
139.00	40.00
140.00	42.00
141.00	33.00
142.00	54.00
143.00	38.00
144.00	34.00
145.00	47.00
146.00	42.00
147.00	42.00
148.00	31.00
149.00	37.00
150.00	36.00
151.00	43.00
152.00	30.00
153.00	29.00
154.00	29.00
155.00	37.00
156.00	28.00
157.00	36.00
158.00	32.00
159.00	40.00
160.00	22.00
161.00	48.00
162.00	33.00
163.00	30.00
164.00	50.00
165.00	55.00
166.00	75.00
167.00	80.00
168.00	83.00
169.00	85.00
170.00	99.00
171.00	101.00
172.00	92.00
173.00	81.00
174.00	73.00
175.00	46.00
176.00	63.00
177.00	47.00
178.00	43.00
179.00	39.00
180.00	34.00
181.00	40.00
182.00	42.00
183.00	36.00
184.00	42.00
185.00	41.00
186.00	37.00
187.00	38.00
188.00	31.00
189.00	36.00
190.00	36.00
191.00	32.00
192.00	40.00
193.00	35.00
194.00	32.00
195.00	31.00
196.00	25.00
197.00	28.00
198.00	26.00
199.00	30.00
200.00	28.00
201.00	30.00
202.00	25.00
203.00	30.00
204.00	29.00
205.00	39.00
206.00	38.00
207.00	64.00
208.00	75.00
209.00	60.00
210.00	86.00
211.00	102.00
212.00	117.00
213.00	114.00
214.00	85.00
215.00	94.00
216.00	68.00
217.00	65.00
218.00	60.00
219.00	43.00
220.00	31.00
221.00	29.00
222.00	22.00
223.00	20.00
224.00	32.00
225.00	23.00
226.00	43.00
227.00	37.00
228.00	30.00
229.00	35.00
230.00	33.00
231.00	35.00
232.00	36.00
233.00	25.00
234.00	34.00
235.00	40.00
236.00	29.00
237.00	32.00
238.00	27.00
239.00	26.00
240.00	30.00
241.00	28.00
242.00	30.00
243.00	32.00
244.00	37.00
245.00	21.00
246.00	27.00
247.00	36.00
248.00	38.00
249.00	30.00
250.00	32.00
251.00	22.00
252.00	27.00
253.00	44.00
254.00	48.00
255.00	41.00
256.00	59.00
257.00	65.00
258.00	45.00
259.00	53.00
260.00	52.00
261.00	57.00
262.00	55.00
263.00	48.00
264.00	56.00
265.00	39.00
266.00	29.00
267.00	48.00
268.00	45.00
269.00	29.00
270.00	42.00
271.00	32.00
272.00	31.00
273.00	42.00
274.00	50.00
275.00	47.00
276.00	35.00
277.00	39.00
278.00	34.00
279.00	44.00
280.00	45.00
281.00	47.00
282.00	47.00
283.00	36.00
284.00	52.00
285.00	44.00
286.00	57.00
287.00	50.00
288.00	42.00
289.00	42.00
290.00	43.00
291.00	42.00
292.00	47.00
293.00	59.00
294.00	50.00
295.00	60.00
296.00	55.00
297.00	53.00
298.00	47.00
299.00	51.00
300.00	49.00
301.00	56.00
302.00	55.00
303.00	47.00
304.00	70.00
305.00	54.00
306.00	71.00
307.00	62.00
308.00	83.00
309.00	61.00
310.00	81.00
311.00	65.00
312.00	68.00
313.00	71.00
314.00	58.00
315.00	80.00
316.00	75.00
317.00	65.00
318.00	65.00
319.00	70.00
320.00	81.00
321.00	93.00
322.00	71.00
323.00	103.00
324.00	79.00
325.00	77.00
326.00	77.00
327.00	84.00
328.00	86.00
329.00	103.00
330.00	103.00
331.00	85.00
332.00	79.00
333.00	99.00
334.00	96.00
335.00	103.00
336.00	82.00
337.00	111.00
338.00	107.00
339.00	101.00
340.00	99.00
341.00	81.00
342.00	101.00
343.00	98.00
344.00	105.00
345.00	117.00
346.00	127.00
347.00	112.00
348.00	113.00
349.00	81.00
350.00	127.00
351.00	129.00
352.00	101.00
353.00	123.00
354.00	100.00
355.00	127.00
356.00	140.00
357.00	168.00
358.00	194.00
359.00	212.00
360.00	243.00
361.00	304.00
362.00	372.00
363.00	436.00
364.00	500.00
365.00	585.00
366.00	614.00
367.00	624.00
368.00	555.00
369.00	552.00
370.00	482.00
371.00	453.00
372.00	374.00
373.00	313.00
374.00	254.00
375.00	220.00
376.00	179.00
377.00	165.00
378.00	176.00
379.00	193.00
380.00	195.00
381.00	198.00
382.00	184.00
383.00	157.00
384.00	192.00
385.00	189.00
386.00	187.00
387.00	203.00
388.00	199.00
389.00	186.00
390.00	177.00
391.00	196.00
392.00	200.00
393.00	214.00
394.00	201.00
395.00	225.00
396.00	179.00
397.00	269.00
398.00	278.00
399.00	238.00
400.00	267.00
401.00	262.00
402.00	289.00
403.00	276.00
404.00	306.00
405.00	289.00
406.00	294.00
407.00	309.00
408.00	300.00
409.00	306.00
410.00	319.00
411.00	285.00
412.00	272.00
413.00	271.00
414.00	274.00
415.00	287.00
416.00	279.00
417.00	280.00
418.00	298.00
419.00	291.00
420.00	291.00
421.00	296.00
422.00	355.00
423.00	309.00
424.00	393.00
425.00	380.00
426.00	382.00
427.00	410.00
428.00	451.00
429.00	427.00
430.00	409.00
431.00	418.00
432.00	369.00
433.00	385.00
434.00	377.00
435.00	324.00
436.00	336.00
437.00	350.00
438.00	324.00
439.00	355.00
440.00	369.00
441.00	331.00
442.00	325.00
443.00	366.00
444.00	388.00
445.00	354.00
446.00	347.00
447.00	405.00
448.00	393.00
449.00	379.00
450.00	408.00
451.00	401.00
452.00	379.00
453.00	392.00
454.00	409.00
455.00	435.00
456.00	426.00
457.00	439.00
458.00	424.00
459.00	460.00
460.00	438.00
461.00	447.00
462.00	493.00
463.00	516.00
464.00	505.00
465.00	537.00
466.00	482.00
467.00	505.00
468.00	546.00
469.00	539.00
470.00	513.00
471.00	547.00
472.00	536.00
473.00	573.00
474.00	582.00
475.00	594.00
476.00	529.00
477.00	564.00
478.00	574.00
479.00	508.00
480.00	624.00
481.00	596.00
482.00	561.00
483.00	557.00
484.00	525.00
485.00	558.00
486.00	553.00
487.00	588.00
488.00	566.00
489.00	517.00
490.00	571.00
491.00	551.00
492.00	536.00
493.00	614.00
494.00	602.00
495.00	575.00
496.00	620.00
497.00	574.00
498.00	624.00
499.00	600.00
500.00	609.00
501.00	605.00
502.00	595.00
503.00	581.00
504.00	554.00
505.00	617.00
506.00	605.00
507.00	595.00
508.00	605.00
509.00	599.00
510.00	636.00
511.00	574.00
512.00	624.00
513.00	615.00
514.00	617.00
515.00	666.00
516.00	662.00
517.00	667.00
518.00	620.00
519.00	643.00
520.00	675.00
521.00	687.00
522.00	668.00
523.00	702.00
524.00	730.00
525.00	753.00
526.00	704.00
527.00	734.00
528.00	753.00
529.00	774.00
530.00	777.00
531.00	736.00
532.00	765.00
533.00	787.00
534.00	806.00
535.00	800.00
536.00	839.00
537.00	793.00
538.00	859.00
539.00	808.00
540.00	824.00
541.00	798.00
542.00	859.00
543.00	863.00
544.00	870.00
545.00	854.00
546.00	896.00
547.00	844.00
548.00	891.00
549.00	898.00
550.00	898.00
551.00	861.00
552.00	906.00
553.00	873.00
554.00	882.00
555.00	917.00
556.00	896.00
557.00	932.00
558.00	906.00
559.00	909.00
560.00	894.00
561.00	925.00
562.00	949.00
563.00	954.00
564.00	903.00
565.00	956.00
566.00	978.00
567.00	953.00
568.00	977.00
569.00	960.00
570.00	899.00
571.00	954.00
572.00	986.00
573.00	1002.00
574.00	1004.00
575.00	1022.00
576.00	999.00
577.00	978.00
578.00	1030.00
579.00	937.00
580.00	979.00
581.00	1007.00
582.00	1038.00
583.00	949.00
584.00	981.00
585.00	1078.00
586.00	1064.00
587.00	1014.00
588.00	1086.00
589.00	1047.00
590.00	1025.00
591.00	999.00
592.00	1064.00
593.00	1081.00
594.00	1069.00
595.00	1060.00
596.00	1110.00
597.00	1103.00
598.00	1091.00
599.00	1124.00
600.00	1085.00
601.00	1147.00
602.00	1080.00
603.00	1168.00
604.00	1229.00
605.00	1095.00
606.00	1094.00
607.00	1181.00
608.00	1144.00
609.00	1146.00
610.00	1124.00
611.00	1143.00
612.00	1146.00
613.00	1262.00
614.00	1219.00
615.00	1162.00
616.00	1203.00
617.00	1215.00
618.00	1256.00
619.00	1220.00
620.00	1168.00
621.00	1273.00
622.00	1290.00
623.00	1262.00
624.00	1276.00
625.00	1279.00
626.00	1298.00
627.00	1230.00
628.00	1287.00
629.00	1270.00
630.00	1275.00
631.00	1213.00
632.00	1310.00
633.00	1279.00
634.00	1318.00
635.00	1352.00
636.00	1312.00
637.00	1311.00
638.00	1379.00
639.00	1318.00
640.00	1399.00
641.00	1327.00
642.00	1303.00
643.00	1352.00
644.00	1394.00
645.00	1379.00
646.00	1407.00
647.00	1354.00
648.00	1387.00
649.00	1400.00
650.00	1442.00
651.00	1371.00
652.00	1411.00
653.00	1321.00
654.00	1408.00
655.00	1443.00
656.00	1422.00
657.00	1494.00
658.00	1436.00
659.00	1493.00
660.00	1488.00
661.00	1388.00
662.00	1503.00
663.00	1456.00
664.00	1442.00
665.00	1436.00
666.00	1493.00
667.00	1485.00
668.00	1542.00
669.00	1496.00
670.00	1590.00
671.00	1562.00
672.00	1608.00
673.00	1640.00
674.00	1609.00
675.00	1686.00
676.00	1794.00
677.00	1714.00
678.00	1769.00
679.00	1769.00
680.00	1774.00
681.00	1878.00
682.00	1873.00
683.00	1771.00
684.00	1845.00
685.00	1835.00
686.00	1731.00
687.00	1809.00
688.00	1696.00
689.00	1661.00
690.00	1672.00
691.00	1687.00
692.00	1679.00
693.00	1629.00
694.00	1690.00
695.00	1691.00
696.00	1642.00
697.00	1589.00
698.00	1596.00
699.00	1688.00
700.00	1694.00
701.00	1711.00
702.00	1602.00
703.00	1695.00
704.00	1708.00
705.00	1787.00
706.00	1748.00
707.00	1693.00
708.00	1688.00
709.00	1800.00
710.00	1754.00
711.00	1723.00
712.00	1725.00
713.00	1704.00
714.00	1705.00
715.00	1679.00
716.00	1840.00
717.00	1714.00
718.00	1847.00
719.00	1858.00
720.00	1811.00
721.00	1780.00
722.00	1750.00
723.00	1818.00
724.00	1803.00
725.00	1833.00
726.00	1814.00
727.00	1777.00
728.00	1877.00
729.00	1840.00
730.00	1860.00
731.00	1806.00
732.00	1797.00
733.00	1886.00
734.00	1868.00
735.00	1898.00
736.00	1853.00
737.00	1898.00
738.00	1876.00
739.00	1989.00
740.00	1910.00
741.00	1888.00
742.00	1840.00
743.00	1833.00
744.00	1953.00
745.00	1934.00
746.00	1885.00
747.00	1947.00
748.00	1883.00
749.00	1988.00
750.00	1858.00
751.00	1855.00
752.00	1900.00
753.00	1935.00
754.00	1934.00
755.00	1912.00
756.00	1930.00
757.00	1985.00
758.00	2002.00
759.00	2100.00
760.00	2002.00
761.00	2090.00
762.00	2083.00
763.00	2010.00
764.00	2033.00
765.00	1913.00
766.00	2051.00
767.00	1955.00
768.00	1969.00
769.00	2025.00
770.00	1990.00
771.00	1971.00
772.00	2019.00
773.00	1917.00
774.00	1958.00
775.00	1995.00
776.00	1989.00
777.00	2019.00
778.00	1941.00
779.00	1997.00
780.00	1983.00
781.00	2077.00
782.00	2023.00
783.00	2035.00
784.00	1967.00
785.00	1980.00
786.00	1954.00
787.00	2087.00
788.00	1995.00
789.00	2031.00
790.00	2065.00
791.00	2079.00
792.00	2083.00
793.00	2001.00
794.00	2077.00
795.00	2018.00
796.00	2052.00
797.00	2072.00
798.00	2075.00
799.00	2066.00
800.00	2005.00
801.00	2168.00
802.00	2135.00
803.00	2111.00
804.00	2093.00
805.00	2154.00
806.00	2232.00
807.00	2146.00
808.00	2151.00
809.00	2185.00
810.00	2207.00
811.00	2140.00
812.00	2181.00
813.00	2128.00
814.00	2114.00
815.00	2006.00
816.00	2179.00
817.00	2004.00
818.00	2055.00
819.00	2182.00
820.00	2101.00
821.00	2086.00
822.00	2120.00
823.00	2151.00
824.00	2076.00
825.00	2029.00
826.00	2150.00
827.00	2129.00
828.00	2121.00
829.00	2154.00
830.00	2140.00
831.00	2155.00
832.00	2179.00
833.00	2118.00
834.00	2121.00
835.00	2097.00
836.00	2203.00
837.00	2205.00
838.00	2213.00
839.00	2147.00
840.00	2236.00
841.00	2194.00
842.00	2170.00
843.00	2177.00
844.00	2104.00
845.00	2147.00
846.00	2231.00
847.00	2160.00
848.00	2133.00
849.00	2223.00
850.00	2246.00
851.00	2312.00
852.00	2256.00
853.00	2265.00
854.00	2256.00
855.00	2137.00
856.00	2231.00
857.00	2247.00
858.00	2304.00
859.00	2233.00
860.00	2185.00
861.00	2224.00
862.00	2274.00
863.00	2176.00
864.00	2282.00
865.00	2248.00
866.00	2241.00
867.00	2265.00
868.00	2309.00
869.00	2244.00
870.00	2266.00
871.00	2249.00
872.00	2283.00
873.00	2322.00
874.00	2298.00
875.00	2364.00
876.00	2384.00
877.00	2316.00
878.00	2451.00
879.00	2394.00
880.00	2334.00
881.00	2307.00
882.00	2442.00
883.00	2453.00
884.00	2373.00
885.00	2388.00
886.00	2403.00
887.00	2476.00
888.00	2504.00
889.00	2438.00
890.00	2536.00
891.00	2482.00
892.00	2504.00
893.00	2676.00
894.00	2604.00
895.00	2580.00
896.00	2583.00
897.00	2586.00
898.00	2720.00
899.00	2705.00
900.00	2789.00
901.00	2813.00
902.00	2869.00
903.00	2827.00
904.00	2894.00
905.00	2928.00
906.00	2939.00
907.00	2991.00
908.00	3109.00
909.00	3121.00
910.00	3162.00
911.00	3303.00
912.00	3440.00
913.00	3542.00
914.00	3580.00
915.00	3728.00
916.00	3967.00
917.00	4021.00
918.00	4324.00
919.00	4463.00
920.00	4575.00
921.00	4832.00
922.00	5154.00
923.00	5459.00
924.00	5774.00
925.00	5843.00
926.00	6216.00
927.00	6790.00
928.00	7052.00
929.00	7423.00
930.00	7747.00
931.00	8093.00
932.00	8234.00
933.00	8724.00
934.00	9006.00
935.00	9265.00
936.00	9750.00
937.00	9666.00
938.00	9754.00
939.00	10045.00
940.00	10141.00
941.00	10093.00
942.00	9927.00
943.00	9998.00
944.00	9739.00
945.00	9627.00
946.00	9524.00
947.00	8972.00
948.00	8836.00
949.00	8490.00
950.00	8138.00
951.00	7926.00
952.00	7506.00
953.00	7073.00
954.00	6718.00
955.00	6365.00
956.00	6066.00
957.00	5733.00
958.00	5297.00
959.00	5012.00
960.00	4743.00
961.00	4486.00
962.00	4293.00
963.00	4058.00
964.00	3882.00
965.00	3676.00
966.00	3397.00
967.00	3320.00
968.00	3200.00
969.00	2980.00
970.00	2840.00
971.00	2689.00
972.00	2620.00
973.00	2538.00
974.00	2530.00
975.00	2425.00
976.00	2394.00
977.00	2300.00
978.00	2357.00
979.00	2271.00
980.00	2287.00
981.00	2235.00
982.00	2323.00
983.00	2285.00
984.00	2437.00
985.00	2529.00
986.00	2635.00
987.00	2840.00
988.00	2913.00
989.00	3126.00
990.00	3215.00
991.00	3447.00
992.00	3736.00
993.00	3844.00
994.00	4018.00
995.00	4067.00
996.00	4222.00
997.00	4310.00
998.00	4138.00
999.00	4052.00
1000.00	3976.00
1001.00	3867.00
1002.00	3694.00
1003.00	3432.00
1004.00	3193.00
1005.00	2921.00
1006.00	2677.00
1007.00	2575.00
1008.00	2283.00
1009.00	2151.00
1010.00	2023.00
1011.00	1976.00
1012.00	1816.00
1013.00	1777.00
1014.00	1769.00
1015.00	1765.00
1016.00	1787.00
1017.00	1695.00
1018.00	1665.00
1019.00	1726.00
1020.00	1749.00
1021.00	1770.00
1022.00	1767.00
1023.00	1767.00
1024.00	1833.00
