Date:	2023-09-05		
Time:	13:25		
Sample name:	MI1K		
Position:	521.000049	mm	
Sample surface:	4.711170	cm	
Tube anode:	Mo		
Tube voltage:	30	kV	
Tube current:	30	mA	
Comments	not in position		
Gain	0.060000		
peaking_time	1.500000	m-sec	
trigger_threshold	653.076172	V	
mca_bin_width	17.500000	no:	
number_mca_channels	1024.000000	no:	
gap_time	0.080000	m-sec	
trigger_peaking_time	0.060000	m-sec	
livetime	7.346612	seconds	
runtime	10.007402	seconds	
input_count_rate	52049.732503	cps	
output_count_rate	38210.717955	cps	
triggers	0	seconds	
events_in_run	0	seconds	
channel	content		
 1.00	 0.00
 2.00	 0.00
 3.00	 0.00
 4.00	 0.00
 5.00	 0.00
 6.00	 0.00
 7.00	 0.00
 8.00	 0.00
 9.00	 0.00
10.00	 0.00
11.00	 0.00
12.00	 0.00
13.00	 0.00
14.00	 0.00
15.00	 0.00
16.00	 0.00
17.00	 0.00
18.00	 0.00
19.00	 0.00
20.00	 0.00
21.00	 0.00
22.00	 0.00
23.00	 0.00
24.00	 0.00
25.00	 0.00
26.00	 0.00
27.00	 0.00
28.00	 0.00
29.00	 0.00
30.00	 0.00
31.00	 3.00
32.00	 1.00
33.00	 4.00
34.00	 4.00
35.00	 6.00
36.00	 8.00
37.00	13.00
38.00	27.00
39.00	24.00
40.00	39.00
41.00	57.00
42.00	91.00
43.00	124.00
44.00	174.00
45.00	212.00
46.00	277.00
47.00	372.00
48.00	495.00
49.00	591.00
50.00	771.00
51.00	946.00
52.00	1117.00
53.00	1373.00
54.00	1645.00
55.00	1889.00
56.00	2292.00
57.00	2618.00
58.00	3012.00
59.00	3233.00
60.00	3636.00
61.00	4030.00
62.00	4358.00
63.00	4557.00
64.00	4768.00
65.00	5122.00
66.00	5402.00
67.00	5404.00
68.00	5707.00
69.00	5658.00
70.00	5969.00
71.00	5827.00
72.00	6037.00
73.00	5987.00
74.00	6066.00
75.00	5863.00
76.00	5844.00
77.00	5745.00
78.00	5809.00
79.00	5788.00
80.00	5862.00
81.00	6215.00
82.00	6556.00
83.00	7039.00
84.00	7374.00
85.00	7717.00
86.00	7604.00
87.00	7577.00
88.00	7222.00
89.00	6726.00
90.00	6219.00
91.00	5846.00
92.00	5710.00
93.00	5745.00
94.00	5841.00
95.00	6424.00
96.00	7340.00
97.00	8814.00
98.00	10262.00
99.00	11197.00
100.00	12060.00
101.00	12230.00
102.00	11555.00
103.00	10379.00
104.00	9178.00
105.00	8098.00
106.00	7400.00
107.00	6938.00
108.00	7130.00
109.00	7307.00
110.00	7588.00
111.00	7981.00
112.00	8213.00
113.00	8033.00
114.00	7758.00
115.00	7167.00
116.00	6353.00
117.00	5776.00
118.00	5224.00
119.00	4674.00
120.00	4501.00
121.00	4312.00
122.00	4145.00
123.00	4028.00
124.00	4013.00
125.00	4231.00
126.00	4349.00
127.00	4706.00
128.00	5082.00
129.00	5699.00
130.00	6145.00
131.00	6717.00
132.00	6931.00
133.00	7074.00
134.00	6848.00
135.00	6502.00
136.00	5552.00
137.00	5025.00
138.00	4434.00
139.00	4040.00
140.00	3755.00
141.00	3574.00
142.00	3491.00
143.00	3488.00
144.00	3318.00
145.00	3288.00
146.00	3226.00
147.00	3386.00
148.00	3325.00
149.00	3389.00
150.00	3511.00
151.00	3675.00
152.00	3727.00
153.00	3899.00
154.00	4293.00
155.00	4627.00
156.00	5106.00
157.00	5548.00
158.00	5922.00
159.00	5976.00
160.00	5985.00
161.00	5716.00
162.00	5768.00
163.00	5564.00
164.00	5960.00
165.00	6948.00
166.00	8103.00
167.00	9664.00
168.00	11256.00
169.00	12486.00
170.00	12840.00
171.00	12833.00
172.00	11790.00
173.00	10258.00
174.00	8407.00
175.00	6809.00
176.00	5587.00
177.00	4546.00
178.00	4204.00
179.00	4085.00
180.00	4436.00
181.00	5215.00
182.00	6200.00
183.00	7695.00
184.00	10014.00
185.00	12971.00
186.00	17288.00
187.00	21531.00
188.00	26409.00
189.00	30332.00
190.00	32732.00
191.00	32780.00
192.00	30862.00
193.00	26339.00
194.00	21534.00
195.00	16750.00
196.00	12321.00
197.00	9090.00
198.00	7071.00
199.00	6437.00
200.00	7360.00
201.00	9561.00
202.00	14278.00
203.00	22375.00
204.00	35824.00
205.00	57058.00
206.00	87974.00
207.00	129062.00
208.00	178421.00
209.00	233201.00
210.00	282616.00
211.00	319395.00
212.00	336040.00
213.00	325951.00
214.00	294559.00
215.00	244816.00
216.00	190347.00
217.00	136607.00
218.00	92091.00
219.00	58719.00
220.00	35681.00
221.00	22896.00
222.00	16653.00
223.00	15245.00
224.00	17652.00
225.00	22660.00
226.00	29185.00
227.00	37508.00
228.00	45964.00
229.00	52593.00
230.00	56342.00
231.00	57300.00
232.00	53887.00
233.00	46817.00
234.00	38316.00
235.00	30094.00
236.00	22223.00
237.00	15517.00
238.00	10698.00
239.00	7631.00
240.00	5613.00
241.00	4442.00
242.00	3862.00
243.00	3843.00
244.00	4004.00
245.00	4653.00
246.00	5899.00
247.00	8197.00
248.00	12196.00
249.00	19951.00
250.00	32457.00
251.00	52634.00
252.00	83566.00
253.00	126261.00
254.00	180323.00
255.00	242368.00
256.00	305806.00
257.00	360526.00
258.00	399589.00
259.00	411402.00
260.00	395394.00
261.00	354632.00
262.00	298110.00
263.00	237273.00
264.00	178675.00
265.00	128184.00
266.00	90751.00
267.00	63202.00
268.00	45182.00
269.00	33564.00
270.00	25964.00
271.00	20845.00
272.00	18067.00
273.00	16961.00
274.00	17822.00
275.00	20256.00
276.00	25561.00
277.00	32240.00
278.00	41713.00
279.00	52348.00
280.00	63355.00
281.00	73732.00
282.00	80248.00
283.00	83642.00
284.00	81858.00
285.00	74941.00
286.00	65135.00
287.00	53527.00
288.00	41817.00
289.00	31429.00
290.00	22950.00
291.00	17241.00
292.00	12734.00
293.00	10441.00
294.00	9096.00
295.00	8481.00
296.00	8411.00
297.00	8825.00
298.00	9118.00
299.00	9573.00
300.00	10095.00
301.00	10801.00
302.00	11238.00
303.00	11843.00
304.00	12186.00
305.00	12712.00
306.00	13088.00
307.00	13591.00
308.00	13500.00
309.00	13913.00
310.00	13636.00
311.00	13626.00
312.00	13391.00
313.00	12930.00
314.00	12426.00
315.00	12000.00
316.00	11474.00
317.00	10828.00
318.00	10724.00
319.00	10358.00
320.00	10373.00
321.00	9996.00
322.00	10063.00
323.00	10234.00
324.00	10201.00
325.00	10503.00
326.00	10887.00
327.00	11772.00
328.00	12778.00
329.00	14664.00
330.00	16814.00
331.00	20653.00
332.00	25011.00
333.00	30959.00
334.00	36948.00
335.00	43966.00
336.00	49619.00
337.00	54044.00
338.00	55620.00
339.00	54887.00
340.00	51530.00
341.00	46867.00
342.00	41167.00
343.00	35398.00
344.00	30287.00
345.00	26293.00
346.00	23235.00
347.00	22085.00
348.00	21881.00
349.00	22847.00
350.00	25267.00
351.00	29226.00
352.00	37031.00
353.00	51096.00
354.00	76843.00
355.00	122965.00
356.00	202620.00
357.00	335947.00
358.00	545992.00
359.00	858331.00
360.00	1295298.00
361.00	1852395.00
362.00	2529450.00
363.00	3263993.00
364.00	3981227.00
365.00	4592058.00
366.00	4985159.00
367.00	5110274.00
368.00	4937093.00
369.00	4498905.00
370.00	3861256.00
371.00	3125297.00
372.00	2387167.00
373.00	1722529.00
374.00	1176554.00
375.00	762131.00
376.00	472252.00
377.00	281684.00
378.00	165697.00
379.00	99039.00
380.00	62773.00
381.00	44565.00
382.00	35579.00
383.00	32116.00
384.00	30642.00
385.00	30858.00
386.00	31667.00
387.00	32448.00
388.00	34883.00
389.00	37382.00
390.00	41652.00
391.00	47990.00
392.00	57888.00
393.00	72915.00
394.00	94999.00
395.00	129912.00
396.00	177443.00
397.00	242962.00
398.00	328031.00
399.00	427404.00
400.00	541533.00
401.00	653507.00
402.00	754592.00
403.00	829705.00
404.00	864672.00
405.00	856515.00
406.00	803721.00
407.00	715084.00
408.00	604368.00
409.00	485126.00
410.00	371459.00
411.00	270306.00
412.00	189935.00
413.00	129170.00
414.00	86851.00
415.00	59171.00
416.00	41874.00
417.00	32046.00
418.00	27098.00
419.00	24799.00
420.00	23554.00
421.00	23778.00
422.00	24551.00
423.00	25698.00
424.00	26863.00
425.00	28149.00
426.00	29213.00
427.00	29985.00
428.00	30859.00
429.00	30592.00
430.00	30229.00
431.00	29438.00
432.00	28813.00
433.00	27479.00
434.00	26824.00
435.00	26007.00
436.00	25419.00
437.00	24767.00
438.00	24910.00
439.00	24937.00
440.00	24814.00
441.00	25022.00
442.00	24939.00
443.00	25259.00
444.00	25156.00
445.00	25770.00
446.00	25841.00
447.00	26532.00
448.00	26588.00
449.00	26822.00
450.00	27251.00
451.00	28291.00
452.00	28692.00
453.00	29315.00
454.00	30616.00
455.00	31645.00
456.00	32746.00
457.00	34158.00
458.00	35236.00
459.00	36686.00
460.00	37733.00
461.00	37977.00
462.00	38271.00
463.00	38476.00
464.00	37836.00
465.00	37463.00
466.00	37408.00
467.00	36601.00
468.00	36630.00
469.00	36592.00
470.00	36674.00
471.00	36868.00
472.00	37126.00
473.00	37476.00
474.00	37951.00
475.00	38998.00
476.00	39340.00
477.00	40002.00
478.00	40658.00
479.00	41167.00
480.00	41796.00
481.00	42014.00
482.00	41878.00
483.00	41777.00
484.00	41910.00
485.00	41708.00
486.00	42274.00
487.00	43566.00
488.00	44819.00
489.00	46564.00
490.00	49258.00
491.00	51992.00
492.00	53982.00
493.00	55806.00
494.00	57076.00
495.00	57101.00
496.00	55688.00
497.00	54773.00
498.00	52707.00
499.00	50419.00
500.00	48216.00
501.00	45945.00
502.00	44158.00
503.00	42799.00
504.00	42504.00
505.00	41725.00
506.00	41590.00
507.00	42338.00
508.00	42105.00
509.00	42432.00
510.00	42525.00
511.00	43065.00
512.00	43379.00
513.00	43545.00
514.00	43558.00
515.00	43680.00
516.00	44195.00
517.00	44109.00
518.00	44528.00
519.00	44641.00
520.00	45854.00
521.00	46153.00
522.00	46998.00
523.00	48168.00
524.00	48823.00
525.00	50424.00
526.00	51108.00
527.00	51846.00
528.00	53116.00
529.00	53654.00
530.00	53711.00
531.00	54011.00
532.00	54595.00
533.00	54001.00
534.00	53660.00
535.00	53938.00
536.00	53786.00
537.00	53249.00
538.00	53454.00
539.00	53494.00
540.00	53397.00
541.00	54921.00
542.00	54949.00
543.00	55503.00
544.00	56613.00
545.00	57668.00
546.00	57918.00
547.00	58097.00
548.00	59247.00
549.00	59709.00
550.00	59849.00
551.00	60013.00
552.00	59922.00
553.00	59602.00
554.00	59694.00
555.00	59000.00
556.00	58986.00
557.00	58697.00
558.00	58053.00
559.00	57793.00
560.00	57927.00
561.00	57464.00
562.00	57071.00
563.00	57894.00
564.00	57704.00
565.00	58530.00
566.00	58247.00
567.00	58815.00
568.00	58599.00
569.00	59140.00
570.00	59230.00
571.00	59512.00
572.00	59074.00
573.00	59408.00
574.00	59051.00
575.00	59507.00
576.00	59490.00
577.00	59499.00
578.00	59397.00
579.00	59780.00
580.00	60373.00
581.00	60311.00
582.00	60338.00
583.00	60618.00
584.00	60854.00
585.00	61028.00
586.00	61389.00
587.00	61287.00
588.00	61959.00
589.00	62138.00
590.00	62289.00
591.00	62776.00
592.00	62973.00
593.00	62655.00
594.00	62736.00
595.00	63087.00
596.00	63409.00
597.00	63387.00
598.00	64473.00
599.00	64131.00
600.00	64944.00
601.00	64692.00
602.00	64907.00
603.00	65546.00
604.00	65730.00
605.00	65912.00
606.00	66621.00
607.00	66176.00
608.00	66662.00
609.00	67022.00
610.00	67323.00
611.00	67509.00
612.00	67717.00
613.00	68096.00
614.00	68629.00
615.00	68925.00
616.00	69497.00
617.00	69744.00
618.00	69790.00
619.00	70498.00
620.00	70580.00
621.00	70898.00
622.00	71501.00
623.00	71656.00
624.00	72417.00
625.00	72380.00
626.00	72349.00
627.00	72955.00
628.00	72978.00
629.00	73026.00
630.00	73193.00
631.00	73787.00
632.00	73446.00
633.00	73752.00
634.00	74080.00
635.00	73510.00
636.00	74189.00
637.00	74829.00
638.00	74265.00
639.00	75116.00
640.00	75710.00
641.00	76041.00
642.00	75992.00
643.00	76927.00
644.00	76779.00
645.00	76539.00
646.00	77841.00
647.00	77443.00
648.00	77777.00
649.00	77649.00
650.00	77978.00
651.00	78257.00
652.00	78207.00
653.00	78321.00
654.00	78548.00
655.00	78617.00
656.00	79396.00
657.00	79518.00
658.00	79258.00
659.00	79752.00
660.00	79957.00
661.00	79913.00
662.00	80462.00
663.00	80531.00
664.00	80867.00
665.00	80820.00
666.00	81593.00
667.00	81663.00
668.00	82126.00
669.00	82546.00
670.00	82404.00
671.00	83076.00
672.00	82790.00
673.00	83966.00
674.00	83946.00
675.00	85312.00
676.00	85809.00
677.00	85907.00
678.00	86197.00
679.00	86736.00
680.00	87690.00
681.00	87881.00
682.00	88349.00
683.00	87817.00
684.00	88394.00
685.00	87412.00
686.00	87453.00
687.00	87614.00
688.00	87523.00
689.00	87562.00
690.00	87240.00
691.00	87253.00
692.00	86954.00
693.00	87298.00
694.00	87063.00
695.00	87269.00
696.00	87337.00
697.00	88397.00
698.00	87716.00
699.00	88509.00
700.00	88093.00
701.00	88641.00
702.00	89269.00
703.00	89331.00
704.00	89293.00
705.00	89369.00
706.00	89846.00
707.00	90342.00
708.00	90262.00
709.00	90656.00
710.00	90941.00
711.00	90346.00
712.00	91096.00
713.00	91692.00
714.00	92150.00
715.00	92504.00
716.00	92504.00
717.00	92792.00
718.00	93431.00
719.00	93119.00
720.00	93381.00
721.00	93632.00
722.00	93601.00
723.00	94846.00
724.00	95002.00
725.00	95201.00
726.00	95637.00
727.00	95552.00
728.00	96180.00
729.00	96840.00
730.00	97070.00
731.00	97673.00
732.00	97705.00
733.00	98085.00
734.00	97589.00
735.00	98426.00
736.00	97975.00
737.00	97669.00
738.00	98197.00
739.00	97490.00
740.00	97605.00
741.00	97816.00
742.00	97612.00
743.00	97299.00
744.00	98234.00
745.00	97536.00
746.00	97347.00
747.00	97315.00
748.00	97797.00
749.00	98468.00
750.00	98657.00
751.00	98379.00
752.00	99098.00
753.00	98930.00
754.00	99203.00
755.00	99741.00
756.00	100511.00
757.00	100968.00
758.00	101920.00
759.00	102129.00
760.00	103171.00
761.00	104125.00
762.00	104206.00
763.00	104818.00
764.00	105054.00
765.00	105039.00
766.00	105168.00
767.00	105122.00
768.00	105014.00
769.00	104527.00
770.00	104067.00
771.00	104077.00
772.00	103462.00
773.00	103248.00
774.00	102714.00
775.00	101863.00
776.00	103455.00
777.00	102170.00
778.00	102179.00
779.00	102085.00
780.00	102097.00
781.00	102488.00
782.00	102262.00
783.00	101615.00
784.00	102720.00
785.00	102539.00
786.00	102648.00
787.00	102522.00
788.00	102459.00
789.00	102871.00
790.00	103378.00
791.00	104143.00
792.00	105296.00
793.00	106350.00
794.00	108036.00
795.00	111027.00
796.00	115130.00
797.00	119888.00
798.00	126870.00
799.00	135784.00
800.00	145981.00
801.00	158374.00
802.00	172295.00
803.00	186322.00
804.00	201811.00
805.00	215391.00
806.00	227361.00
807.00	236899.00
808.00	243070.00
809.00	245470.00
810.00	242448.00
811.00	235147.00
812.00	225996.00
813.00	212403.00
814.00	197299.00
815.00	182263.00
816.00	166962.00
817.00	152589.00
818.00	140648.00
819.00	130903.00
820.00	121440.00
821.00	116167.00
822.00	112827.00
823.00	108874.00
824.00	106053.00
825.00	104724.00
826.00	104332.00
827.00	103426.00
828.00	103313.00
829.00	103660.00
830.00	103224.00
831.00	102409.00
832.00	103449.00
833.00	103499.00
834.00	103082.00
835.00	102909.00
836.00	103017.00
837.00	103789.00
838.00	103607.00
839.00	103895.00
840.00	104200.00
841.00	104195.00
842.00	104564.00
843.00	105298.00
844.00	105696.00
845.00	106571.00
846.00	107722.00
847.00	108783.00
848.00	109260.00
849.00	110709.00
850.00	112331.00
851.00	112638.00
852.00	113574.00
853.00	113237.00
854.00	113554.00
855.00	114228.00
856.00	113511.00
857.00	113556.00
858.00	112949.00
859.00	111712.00
860.00	111123.00
861.00	110429.00
862.00	108933.00
863.00	108842.00
864.00	108226.00
865.00	108053.00
866.00	107290.00
867.00	106909.00
868.00	107391.00
869.00	106942.00
870.00	106322.00
871.00	107196.00
872.00	107709.00
873.00	107095.00
874.00	107993.00
875.00	107647.00
876.00	108300.00
877.00	109000.00
878.00	108603.00
879.00	109580.00
880.00	110272.00
881.00	110657.00
882.00	110207.00
883.00	112387.00
884.00	112299.00
885.00	113121.00
886.00	114725.00
887.00	116690.00
888.00	118077.00
889.00	120610.00
890.00	123374.00
891.00	126694.00
892.00	130871.00
893.00	135650.00
894.00	140650.00
895.00	146000.00
896.00	151281.00
897.00	156913.00
898.00	163332.00
899.00	167704.00
900.00	172731.00
901.00	175374.00
902.00	178137.00
903.00	179814.00
904.00	180292.00
905.00	178820.00
906.00	176503.00
907.00	175219.00
908.00	171696.00
909.00	169254.00
910.00	165884.00
911.00	164726.00
912.00	163613.00
913.00	162617.00
914.00	164450.00
915.00	166276.00
916.00	169692.00
917.00	174158.00
918.00	179006.00
919.00	185241.00
920.00	192192.00
921.00	199996.00
922.00	207637.00
923.00	217653.00
924.00	228057.00
925.00	239473.00
926.00	250739.00
927.00	263015.00
928.00	276608.00
929.00	290837.00
930.00	303542.00
931.00	316172.00
932.00	330418.00
933.00	344098.00
934.00	357741.00
935.00	368401.00
936.00	379761.00
937.00	388392.00
938.00	396837.00
939.00	403008.00
940.00	407077.00
941.00	410472.00
942.00	411623.00
943.00	411815.00
944.00	408870.00
945.00	405104.00
946.00	399244.00
947.00	389953.00
948.00	381308.00
949.00	370582.00
950.00	359412.00
951.00	347587.00
952.00	333972.00
953.00	319797.00
954.00	305549.00
955.00	291683.00
956.00	276891.00
957.00	264563.00
958.00	249813.00
959.00	236289.00
960.00	225422.00
961.00	213238.00
962.00	201662.00
963.00	191981.00
964.00	182125.00
965.00	172989.00
966.00	164675.00
967.00	157095.00
968.00	150850.00
969.00	144380.00
970.00	138931.00
971.00	133271.00
972.00	129078.00
973.00	125399.00
974.00	121444.00
975.00	117985.00
976.00	115247.00
977.00	113829.00
978.00	112301.00
979.00	111928.00
980.00	112944.00
981.00	114381.00
982.00	117042.00
983.00	121303.00
984.00	128334.00
985.00	136430.00
986.00	146433.00
987.00	158214.00
988.00	171532.00
989.00	187437.00
990.00	203782.00
991.00	221356.00
992.00	237851.00
993.00	252917.00
994.00	265263.00
995.00	277325.00
996.00	283472.00
997.00	286329.00
998.00	283968.00
999.00	277198.00
1000.00	266318.00
1001.00	252526.00
1002.00	235919.00
1003.00	217167.00
1004.00	197736.00
1005.00	178665.00
1006.00	160945.00
1007.00	143859.00
1008.00	130175.00
1009.00	117756.00
1010.00	108671.00
1011.00	100459.00
1012.00	94506.00
1013.00	89911.00
1014.00	86133.00
1015.00	83349.00
1016.00	81864.00
1017.00	80484.00
1018.00	79464.00
1019.00	78888.00
1020.00	78767.00
1021.00	78596.00
1022.00	78334.00
1023.00	78719.00
1024.00	79576.00
