Date:	2023-08-23		
Time:	17:17		
Sample name:	MI1D_E_F		
Position:	53.000049	mm	
Sample surface:	5.144321	cm	
Tube anode:	Mo		
Tube voltage:	30	kV	
Tube current:	30	mA	
Comments	not in position		
Gain	0.060000		
peaking_time	1.500000	m-sec	
trigger_threshold	653.076172	V	
mca_bin_width	17.500000	no:	
number_mca_channels	1024.000000	no:	
gap_time	0.080000	m-sec	
trigger_peaking_time	0.060000	m-sec	
livetime	6.104360	seconds	
runtime	10.007409	seconds	
input_count_rate	69223.624987	cps	
output_count_rate	42226.615820	cps	
triggers	0	seconds	
events_in_run	0	seconds	
channel	content		
 1.00	 0.00
 2.00	 0.00
 3.00	 0.00
 4.00	 0.00
 5.00	 0.00
 6.00	 0.00
 7.00	 0.00
 8.00	 0.00
 9.00	 0.00
10.00	 0.00
11.00	 0.00
12.00	 0.00
13.00	 0.00
14.00	 0.00
15.00	 0.00
16.00	 0.00
17.00	 0.00
18.00	 0.00
19.00	 0.00
20.00	 0.00
21.00	 0.00
22.00	 0.00
23.00	 0.00
24.00	 0.00
25.00	 0.00
26.00	 0.00
27.00	 0.00
28.00	 0.00
29.00	 0.00
30.00	 0.00
31.00	 0.00
32.00	 0.00
33.00	 0.00
34.00	 2.00
35.00	 1.00
36.00	 0.00
37.00	 5.00
38.00	 1.00
39.00	 9.00
40.00	 8.00
41.00	 5.00
42.00	12.00
43.00	18.00
44.00	23.00
45.00	33.00
46.00	50.00
47.00	56.00
48.00	87.00
49.00	101.00
50.00	129.00
51.00	160.00
52.00	191.00
53.00	246.00
54.00	287.00
55.00	334.00
56.00	385.00
57.00	453.00
58.00	523.00
59.00	575.00
60.00	622.00
61.00	728.00
62.00	707.00
63.00	817.00
64.00	849.00
65.00	883.00
66.00	932.00
67.00	913.00
68.00	978.00
69.00	1043.00
70.00	1091.00
71.00	1042.00
72.00	1021.00
73.00	940.00
74.00	1023.00
75.00	972.00
76.00	971.00
77.00	961.00
78.00	961.00
79.00	936.00
80.00	998.00
81.00	988.00
82.00	1002.00
83.00	948.00
84.00	958.00
85.00	1026.00
86.00	964.00
87.00	1024.00
88.00	957.00
89.00	833.00
90.00	892.00
91.00	873.00
92.00	791.00
93.00	765.00
94.00	808.00
95.00	715.00
96.00	702.00
97.00	696.00
98.00	738.00
99.00	740.00
100.00	706.00
101.00	715.00
102.00	646.00
103.00	707.00
104.00	671.00
105.00	682.00
106.00	712.00
107.00	708.00
108.00	628.00
109.00	688.00
110.00	667.00
111.00	674.00
112.00	614.00
113.00	624.00
114.00	592.00
115.00	611.00
116.00	605.00
117.00	595.00
118.00	570.00
119.00	550.00
120.00	521.00
121.00	585.00
122.00	506.00
123.00	544.00
124.00	505.00
125.00	501.00
126.00	436.00
127.00	466.00
128.00	465.00
129.00	487.00
130.00	481.00
131.00	520.00
132.00	490.00
133.00	484.00
134.00	441.00
135.00	470.00
136.00	453.00
137.00	419.00
138.00	383.00
139.00	392.00
140.00	398.00
141.00	419.00
142.00	375.00
143.00	372.00
144.00	374.00
145.00	341.00
146.00	342.00
147.00	379.00
148.00	360.00
149.00	352.00
150.00	340.00
151.00	339.00
152.00	354.00
153.00	342.00
154.00	361.00
155.00	332.00
156.00	302.00
157.00	342.00
158.00	326.00
159.00	284.00
160.00	345.00
161.00	349.00
162.00	367.00
163.00	400.00
164.00	449.00
165.00	515.00
166.00	681.00
167.00	759.00
168.00	921.00
169.00	960.00
170.00	1001.00
171.00	970.00
172.00	857.00
173.00	791.00
174.00	670.00
175.00	571.00
176.00	478.00
177.00	419.00
178.00	361.00
179.00	342.00
180.00	309.00
181.00	347.00
182.00	386.00
183.00	304.00
184.00	323.00
185.00	336.00
186.00	301.00
187.00	267.00
188.00	287.00
189.00	263.00
190.00	266.00
191.00	238.00
192.00	253.00
193.00	254.00
194.00	238.00
195.00	261.00
196.00	254.00
197.00	229.00
198.00	237.00
199.00	254.00
200.00	212.00
201.00	245.00
202.00	238.00
203.00	243.00
204.00	268.00
205.00	310.00
206.00	348.00
207.00	347.00
208.00	422.00
209.00	514.00
210.00	566.00
211.00	637.00
212.00	659.00
213.00	653.00
214.00	561.00
215.00	550.00
216.00	434.00
217.00	421.00
218.00	337.00
219.00	322.00
220.00	277.00
221.00	243.00
222.00	233.00
223.00	247.00
224.00	275.00
225.00	276.00
226.00	267.00
227.00	289.00
228.00	288.00
229.00	314.00
230.00	300.00
231.00	259.00
232.00	253.00
233.00	324.00
234.00	308.00
235.00	261.00
236.00	278.00
237.00	244.00
238.00	242.00
239.00	218.00
240.00	240.00
241.00	238.00
242.00	266.00
243.00	222.00
244.00	240.00
245.00	259.00
246.00	245.00
247.00	249.00
248.00	274.00
249.00	248.00
250.00	298.00
251.00	332.00
252.00	387.00
253.00	429.00
254.00	445.00
255.00	555.00
256.00	582.00
257.00	725.00
258.00	788.00
259.00	761.00
260.00	757.00
261.00	704.00
262.00	613.00
263.00	608.00
264.00	538.00
265.00	491.00
266.00	443.00
267.00	440.00
268.00	389.00
269.00	397.00
270.00	374.00
271.00	403.00
272.00	353.00
273.00	372.00
274.00	337.00
275.00	406.00
276.00	378.00
277.00	403.00
278.00	421.00
279.00	408.00
280.00	488.00
281.00	462.00
282.00	517.00
283.00	489.00
284.00	524.00
285.00	510.00
286.00	494.00
287.00	495.00
288.00	503.00
289.00	487.00
290.00	449.00
291.00	470.00
292.00	473.00
293.00	469.00
294.00	477.00
295.00	461.00
296.00	479.00
297.00	512.00
298.00	498.00
299.00	533.00
300.00	517.00
301.00	528.00
302.00	553.00
303.00	535.00
304.00	615.00
305.00	612.00
306.00	649.00
307.00	687.00
308.00	688.00
309.00	680.00
310.00	723.00
311.00	674.00
312.00	704.00
313.00	741.00
314.00	734.00
315.00	687.00
316.00	663.00
317.00	706.00
318.00	700.00
319.00	752.00
320.00	699.00
321.00	691.00
322.00	723.00
323.00	727.00
324.00	773.00
325.00	802.00
326.00	789.00
327.00	826.00
328.00	818.00
329.00	829.00
330.00	813.00
331.00	852.00
332.00	829.00
333.00	882.00
334.00	900.00
335.00	905.00
336.00	934.00
337.00	998.00
338.00	987.00
339.00	1021.00
340.00	968.00
341.00	1027.00
342.00	994.00
343.00	954.00
344.00	955.00
345.00	1019.00
346.00	1051.00
347.00	1045.00
348.00	1073.00
349.00	1083.00
350.00	1074.00
351.00	1117.00
352.00	1184.00
353.00	1240.00
354.00	1438.00
355.00	1499.00
356.00	1818.00
357.00	2229.00
358.00	2931.00
359.00	4209.00
360.00	5369.00
361.00	7298.00
362.00	9340.00
363.00	11528.00
364.00	14012.00
365.00	15975.00
366.00	17413.00
367.00	17743.00
368.00	17043.00
369.00	15955.00
370.00	13951.00
371.00	11488.00
372.00	9308.00
373.00	7103.00
374.00	5403.00
375.00	4045.00
376.00	3083.00
377.00	2440.00
378.00	2099.00
379.00	1781.00
380.00	1726.00
381.00	1696.00
382.00	1675.00
383.00	1714.00
384.00	1677.00
385.00	1721.00
386.00	1729.00
387.00	1770.00
388.00	1862.00
389.00	1848.00
390.00	1878.00
391.00	1957.00
392.00	2003.00
393.00	2085.00
394.00	2199.00
395.00	2277.00
396.00	2484.00
397.00	2634.00
398.00	2918.00
399.00	3287.00
400.00	3597.00
401.00	4046.00
402.00	4353.00
403.00	4585.00
404.00	4716.00
405.00	4907.00
406.00	4587.00
407.00	4150.00
408.00	4093.00
409.00	3740.00
410.00	3366.00
411.00	3111.00
412.00	2764.00
413.00	2849.00
414.00	2613.00
415.00	2491.00
416.00	2567.00
417.00	2594.00
418.00	2697.00
419.00	2666.00
420.00	2732.00
421.00	2860.00
422.00	2975.00
423.00	3185.00
424.00	3335.00
425.00	3575.00
426.00	3692.00
427.00	3767.00
428.00	3886.00
429.00	3919.00
430.00	3881.00
431.00	3752.00
432.00	3690.00
433.00	3464.00
434.00	3410.00
435.00	3376.00
436.00	3203.00
437.00	3242.00
438.00	3251.00
439.00	3174.00
440.00	3178.00
441.00	3230.00
442.00	3120.00
443.00	3203.00
444.00	3351.00
445.00	3381.00
446.00	3407.00
447.00	3379.00
448.00	3415.00
449.00	3575.00
450.00	3548.00
451.00	3612.00
452.00	3694.00
453.00	3801.00
454.00	3760.00
455.00	4018.00
456.00	4055.00
457.00	4046.00
458.00	4231.00
459.00	4261.00
460.00	4468.00
461.00	4430.00
462.00	4684.00
463.00	4622.00
464.00	4752.00
465.00	4592.00
466.00	4844.00
467.00	4793.00
468.00	4780.00
469.00	4847.00
470.00	4939.00
471.00	4921.00
472.00	5050.00
473.00	4880.00
474.00	5043.00
475.00	4990.00
476.00	5134.00
477.00	5204.00
478.00	5185.00
479.00	5142.00
480.00	5167.00
481.00	5138.00
482.00	5098.00
483.00	5106.00
484.00	5061.00
485.00	5004.00
486.00	5003.00
487.00	4961.00
488.00	5051.00
489.00	4999.00
490.00	4994.00
491.00	5068.00
492.00	5055.00
493.00	5036.00
494.00	5101.00
495.00	5081.00
496.00	5169.00
497.00	5172.00
498.00	5181.00
499.00	5251.00
500.00	5402.00
501.00	5350.00
502.00	5439.00
503.00	5456.00
504.00	5354.00
505.00	5321.00
506.00	5579.00
507.00	5468.00
508.00	5611.00
509.00	5599.00
510.00	5771.00
511.00	5861.00
512.00	5799.00
513.00	5846.00
514.00	5927.00
515.00	5928.00
516.00	5999.00
517.00	6096.00
518.00	6183.00
519.00	6206.00
520.00	6324.00
521.00	6310.00
522.00	6355.00
523.00	6411.00
524.00	6547.00
525.00	6656.00
526.00	6665.00
527.00	6760.00
528.00	6826.00
529.00	6676.00
530.00	6902.00
531.00	7059.00
532.00	6987.00
533.00	7236.00
534.00	7325.00
535.00	7500.00
536.00	7463.00
537.00	7347.00
538.00	7582.00
539.00	7641.00
540.00	7672.00
541.00	7659.00
542.00	7746.00
543.00	7863.00
544.00	7858.00
545.00	7879.00
546.00	7966.00
547.00	7867.00
548.00	7970.00
549.00	8205.00
550.00	8395.00
551.00	8342.00
552.00	8344.00
553.00	8523.00
554.00	8337.00
555.00	8402.00
556.00	8496.00
557.00	8464.00
558.00	8405.00
559.00	8432.00
560.00	8506.00
561.00	8506.00
562.00	8408.00
563.00	8483.00
564.00	8552.00
565.00	8668.00
566.00	8684.00
567.00	8478.00
568.00	8878.00
569.00	8880.00
570.00	8761.00
571.00	8689.00
572.00	8824.00
573.00	8856.00
574.00	8819.00
575.00	8969.00
576.00	8926.00
577.00	9111.00
578.00	9056.00
579.00	9006.00
580.00	9139.00
581.00	9087.00
582.00	9228.00
583.00	9297.00
584.00	9308.00
585.00	9349.00
586.00	9585.00
587.00	9513.00
588.00	9635.00
589.00	9731.00
590.00	9688.00
591.00	9619.00
592.00	9762.00
593.00	9648.00
594.00	9820.00
595.00	9966.00
596.00	10023.00
597.00	10066.00
598.00	10024.00
599.00	9951.00
600.00	9988.00
601.00	10146.00
602.00	10339.00
603.00	10275.00
604.00	10263.00
605.00	10388.00
606.00	10318.00
607.00	10482.00
608.00	10680.00
609.00	10664.00
610.00	10635.00
611.00	10689.00
612.00	10784.00
613.00	10786.00
614.00	10795.00
615.00	10746.00
616.00	10912.00
617.00	11236.00
618.00	11047.00
619.00	11473.00
620.00	11121.00
621.00	11450.00
622.00	11400.00
623.00	11347.00
624.00	11640.00
625.00	11389.00
626.00	11607.00
627.00	11676.00
628.00	11509.00
629.00	11740.00
630.00	11716.00
631.00	11701.00
632.00	11713.00
633.00	11915.00
634.00	12114.00
635.00	11860.00
636.00	12040.00
637.00	12242.00
638.00	12195.00
639.00	12198.00
640.00	12253.00
641.00	12307.00
642.00	12308.00
643.00	12312.00
644.00	12656.00
645.00	12668.00
646.00	12759.00
647.00	12460.00
648.00	12616.00
649.00	12646.00
650.00	12818.00
651.00	12977.00
652.00	12814.00
653.00	12953.00
654.00	13063.00
655.00	13010.00
656.00	13173.00
657.00	13023.00
658.00	13099.00
659.00	13328.00
660.00	13467.00
661.00	13143.00
662.00	13263.00
663.00	13245.00
664.00	13384.00
665.00	13534.00
666.00	13390.00
667.00	13636.00
668.00	13866.00
669.00	13796.00
670.00	13702.00
671.00	13997.00
672.00	14026.00
673.00	14227.00
674.00	14699.00
675.00	14888.00
676.00	15251.00
677.00	15338.00
678.00	15476.00
679.00	15890.00
680.00	15995.00
681.00	16246.00
682.00	16295.00
683.00	16408.00
684.00	16054.00
685.00	15845.00
686.00	15969.00
687.00	15508.00
688.00	15437.00
689.00	15146.00
690.00	15299.00
691.00	14982.00
692.00	15088.00
693.00	15066.00
694.00	15028.00
695.00	14967.00
696.00	15026.00
697.00	15153.00
698.00	15047.00
699.00	15247.00
700.00	15041.00
701.00	15091.00
702.00	15353.00
703.00	15151.00
704.00	15490.00
705.00	15528.00
706.00	15380.00
707.00	15382.00
708.00	15695.00
709.00	15750.00
710.00	15678.00
711.00	15721.00
712.00	15711.00
713.00	15826.00
714.00	16029.00
715.00	15893.00
716.00	15938.00
717.00	15874.00
718.00	15963.00
719.00	16124.00
720.00	15856.00
721.00	16198.00
722.00	16336.00
723.00	15955.00
724.00	16367.00
725.00	16238.00
726.00	16319.00
727.00	16373.00
728.00	16329.00
729.00	16499.00
730.00	16388.00
731.00	16527.00
732.00	16533.00
733.00	16574.00
734.00	16519.00
735.00	16464.00
736.00	16610.00
737.00	16657.00
738.00	16955.00
739.00	16915.00
740.00	16830.00
741.00	17001.00
742.00	16817.00
743.00	16649.00
744.00	17331.00
745.00	16922.00
746.00	17062.00
747.00	17020.00
748.00	16970.00
749.00	17455.00
750.00	17295.00
751.00	16947.00
752.00	17315.00
753.00	17305.00
754.00	17499.00
755.00	17671.00
756.00	17864.00
757.00	17793.00
758.00	17597.00
759.00	18018.00
760.00	17923.00
761.00	17977.00
762.00	17876.00
763.00	18018.00
764.00	17891.00
765.00	17873.00
766.00	18052.00
767.00	17874.00
768.00	17726.00
769.00	18010.00
770.00	18072.00
771.00	17978.00
772.00	17753.00
773.00	17774.00
774.00	17965.00
775.00	18069.00
776.00	18016.00
777.00	18117.00
778.00	18086.00
779.00	18063.00
780.00	18072.00
781.00	18096.00
782.00	18274.00
783.00	17999.00
784.00	18178.00
785.00	18483.00
786.00	18377.00
787.00	18261.00
788.00	18332.00
789.00	18311.00
790.00	18167.00
791.00	18408.00
792.00	18305.00
793.00	18459.00
794.00	18387.00
795.00	18564.00
796.00	18529.00
797.00	18484.00
798.00	18636.00
799.00	18862.00
800.00	18828.00
801.00	18933.00
802.00	18936.00
803.00	19047.00
804.00	19001.00
805.00	18878.00
806.00	19124.00
807.00	18910.00
808.00	19224.00
809.00	19255.00
810.00	19032.00
811.00	19139.00
812.00	19271.00
813.00	19252.00
814.00	19374.00
815.00	19019.00
816.00	18956.00
817.00	18953.00
818.00	19122.00
819.00	18932.00
820.00	19137.00
821.00	18910.00
822.00	19223.00
823.00	19352.00
824.00	19151.00
825.00	19307.00
826.00	19124.00
827.00	19332.00
828.00	19374.00
829.00	19232.00
830.00	19663.00
831.00	19394.00
832.00	19444.00
833.00	19525.00
834.00	19481.00
835.00	19494.00
836.00	19592.00
837.00	19388.00
838.00	19607.00
839.00	19583.00
840.00	19501.00
841.00	19640.00
842.00	19764.00
843.00	19602.00
844.00	19798.00
845.00	19830.00
846.00	19833.00
847.00	19937.00
848.00	19971.00
849.00	19977.00
850.00	20115.00
851.00	19896.00
852.00	20292.00
853.00	19946.00
854.00	20005.00
855.00	19897.00
856.00	20259.00
857.00	20242.00
858.00	20182.00
859.00	20073.00
860.00	20492.00
861.00	20113.00
862.00	20274.00
863.00	20366.00
864.00	20504.00
865.00	20114.00
866.00	20349.00
867.00	20466.00
868.00	20492.00
869.00	20778.00
870.00	20296.00
871.00	20913.00
872.00	20558.00
873.00	20851.00
874.00	20997.00
875.00	21152.00
876.00	20927.00
877.00	21106.00
878.00	21127.00
879.00	21339.00
880.00	21509.00
881.00	21641.00
882.00	21713.00
883.00	21725.00
884.00	21557.00
885.00	21864.00
886.00	21999.00
887.00	22028.00
888.00	22066.00
889.00	22196.00
890.00	22614.00
891.00	23098.00
892.00	23040.00
893.00	23129.00
894.00	23393.00
895.00	23515.00
896.00	23637.00
897.00	23957.00
898.00	24308.00
899.00	24540.00
900.00	24597.00
901.00	24727.00
902.00	25158.00
903.00	25660.00
904.00	25980.00
905.00	26690.00
906.00	26750.00
907.00	27553.00
908.00	27791.00
909.00	28979.00
910.00	29330.00
911.00	30135.00
912.00	30919.00
913.00	31871.00
914.00	32635.00
915.00	34271.00
916.00	35399.00
917.00	37119.00
918.00	38864.00
919.00	40192.00
920.00	42016.00
921.00	44302.00
922.00	46433.00
923.00	49158.00
924.00	52200.00
925.00	54593.00
926.00	57578.00
927.00	60751.00
928.00	63932.00
929.00	67318.00
930.00	70439.00
931.00	73447.00
932.00	76533.00
933.00	79490.00
934.00	82295.00
935.00	84829.00
936.00	86052.00
937.00	88851.00
938.00	90302.00
939.00	91006.00
940.00	91135.00
941.00	91154.00
942.00	91426.00
943.00	90183.00
944.00	89417.00
945.00	87772.00
946.00	85680.00
947.00	83446.00
948.00	81259.00
949.00	77786.00
950.00	75427.00
951.00	71780.00
952.00	68808.00
953.00	65434.00
954.00	62069.00
955.00	58463.00
956.00	55281.00
957.00	52224.00
958.00	49377.00
959.00	46156.00
960.00	43795.00
961.00	41425.00
962.00	39237.00
963.00	37010.00
964.00	34751.00
965.00	33007.00
966.00	31488.00
967.00	29794.00
968.00	28302.00
969.00	27381.00
970.00	25770.00
971.00	25413.00
972.00	24388.00
973.00	23421.00
974.00	22792.00
975.00	21897.00
976.00	21989.00
977.00	21493.00
978.00	21204.00
979.00	20911.00
980.00	20796.00
981.00	20918.00
982.00	21239.00
983.00	21633.00
984.00	22603.00
985.00	23180.00
986.00	24269.00
987.00	25613.00
988.00	27593.00
989.00	28788.00
990.00	30593.00
991.00	32668.00
992.00	34103.00
993.00	36292.00
994.00	37362.00
995.00	38363.00
996.00	38774.00
997.00	39144.00
998.00	38981.00
999.00	38112.00
1000.00	36741.00
1001.00	35020.00
1002.00	32760.00
1003.00	30947.00
1004.00	28729.00
1005.00	26395.00
1006.00	23892.00
1007.00	22804.00
1008.00	21026.00
1009.00	19759.00
1010.00	18633.00
1011.00	17572.00
1012.00	17058.00
1013.00	16656.00
1014.00	16078.00
1015.00	16145.00
1016.00	16352.00
1017.00	15760.00
1018.00	15941.00
1019.00	16068.00
1020.00	15896.00
1021.00	16103.00
1022.00	16296.00
1023.00	16381.00
1024.00	16339.00
