\\Mac\Home\Documents\Steve\23-10_Manchester2_Mo\Campbell\DP2__xrf\XRF data     26/02/2025  re-evaluated data
peakarea
filename	position (mm)	sample surface	validity	E-gain	E-offset	F-slope	F-offset	cps	MSE	Mg	Al	Si	P	S	Cl	Ar	K	Ca	Ti	V	Cr	Mn	Fe	Co	Ni	Cu	Zn	As	Se	Br	Rb	Sr	Y	Zr	Sn	I	Cs	Ba	Ta	W	Ir	Pt	Au	Hg	Pb	Th	U	Fe a*2	Fe a+b	Fe X1	Fe X2	Fe X3	W La	W Lb1	W lb2	W La in	W Lb1 in	W Lb2 in	Mo inc	Mo coh	Dt	
\\Mac\Home\Documents\Steve\23-10_Manchester2_Mo\Campbell\DP2__xrf\XRF data\L000000.spe	683.00	9.32	0	0.017526	-0.012928	0.010012	0.091030	3183	1.80	0	6	8	7	0	0	116	0	0	6	0	0	0	12	0	16	0	0	14	9	12	8	293	11	0	0	0	0	0	6	0	0	0	22	18	0	34	15	0	26	4	0	13	132	86	32	4	0	11	4950	990	0.197	
\\Mac\Home\Documents\Steve\23-10_Manchester2_Mo\Campbell\DP2__xrf\XRF data\L000001.spe	684.00	5.86	0	0.017526	-0.012928	0.010012	0.091030	13467	1.76	6	11	48	0	14	8	192	196	756	1766	0	28	86	19684	291	28	44	168	67	0	108	90	847	37	270	8	0	14	48	0	257	23	0	0	52	0	0	8	57	34	0	145	93	0	0	0	117	161	122	9542	2279	0.167	
\\Mac\Home\Documents\Steve\23-10_Manchester2_Mo\Campbell\DP2__xrf\XRF data\L000002.spe	685.00	5.88	1	0.017526	-0.012928	0.010012	0.091030	18444	1.91	0	15	15	0	12	0	224	173	904	1733	0	15	32	21341	89	15	19	162	0	0	193	79	1432	0	520	0	0	5	69	36	197	0	0	0	0	38	0	0	0	59	0	158	474	0	0	45	0	76	44	15420	3893	0.200	
\\Mac\Home\Documents\Steve\23-10_Manchester2_Mo\Campbell\DP2__xrf\XRF data\L000003.spe	686.00	5.91	1	0.017526	-0.012928	0.010012	0.091030	33985	2.44	9	25	77	27	22	7	163	438	1814	3911	0	50	100	48329	301	85	0	344	0	0	220	142	2604	154	791	18	0	0	148	177	12	0	0	0	93	6	29	191	92	20	57	228	955	28	249	19	0	97	41	23561	5546	0.226	
\\Mac\Home\Documents\Steve\23-10_Manchester2_Mo\Campbell\DP2__xrf\XRF data\L000004.spe	687.00	5.92	1	0.017526	-0.012928	0.010012	0.091030	35567	2.86	15	31	76	12	8	0	164	535	2186	4424	23	33	92	51623	375	113	81	354	19	0	275	219	2818	81	742	26	0	39	175	0	679	46	0	0	0	102	54	95	197	0	0	379	802	0	0	11	121	256	118	23544	5808	0.229	
\\Mac\Home\Documents\Steve\23-10_Manchester2_Mo\Campbell\DP2__xrf\XRF data\L000005.spe	688.00	5.95	1	0.017526	-0.012928	0.010012	0.091030	33739	2.71	0	25	66	11	0	0	164	497	1939	4506	81	31	121	47741	281	82	21	351	9	0	248	122	2675	76	765	23	0	20	164	67	610	0	38	0	0	68	0	129	132	0	116	300	667	0	0	0	0	165	0	23465	5676	0.225	
\\Mac\Home\Documents\Steve\23-10_Manchester2_Mo\Campbell\DP2__xrf\XRF data\L000006.spe	689.00	5.95	1	0.017526	-0.012928	0.010012	0.091030	34056	3.49	16	23	72	21	21	0	186	443	1684	4357	88	12	134	48119	163	67	12	315	55	0	216	233	2354	30	566	36	0	0	107	155	923	112	0	0	123	0	18	69	28	0	135	316	764	0	0	0	0	70	59	23620	5706	0.225	
\\Mac\Home\Documents\Steve\23-10_Manchester2_Mo\Campbell\DP2__xrf\XRF data\L000007.spe	690.00	5.94	1	0.017526	-0.012928	0.010012	0.091030	38093	2.79	11	22	55	0	8	0	163	480	2248	4312	0	28	92	49994	253	33	0	376	52	0	193	196	2983	73	762	57	0	18	129	88	527	115	0	0	217	0	31	0	160	186	0	234	1056	0	0	0	15	0	249	25979	6357	0.241	
\\Mac\Home\Documents\Steve\23-10_Manchester2_Mo\Campbell\DP2__xrf\XRF data\L000008.spe	691.00	5.96	1	0.017526	-0.012928	0.010012	0.091030	38714	2.89	17	0	73	0	26	0	181	419	1733	3813	0	35	78	47786	368	92	12	387	0	0	546	256	2979	66	831	25	0	35	122	117	571	8	0	0	0	97	42	94	112	0	62	343	753	0	0	171	0	150	97	27953	6891	0.246	
\\Mac\Home\Documents\Steve\23-10_Manchester2_Mo\Campbell\DP2__xrf\XRF data\L000009.spe	692.00	5.95	1	0.017526	-0.012928	0.010012	0.091030	39062	4.34	0	22	49	17	0	21	212	520	2003	4598	0	52	109	50110	164	47	0	343	0	0	324	131	3113	0	802	51	0	17	149	280	1231	37	0	0	0	44	17	52	97	24	136	267	779	0	0	0	0	0	66	27102	6468	0.245	
\\Mac\Home\Documents\Steve\23-10_Manchester2_Mo\Campbell\DP2__xrf\XRF data\L000010.spe	693.00	5.95	1	0.017526	-0.012928	0.010012	0.091030	37685	2.66	0	23	110	0	10	0	172	580	2367	4650	0	65	85	52832	474	71	44	287	0	28	285	232	3098	103	857	36	0	11	179	46	0	0	0	0	0	86	123	62	89	152	26	270	649	334	306	209	71	174	219	25378	6029	0.239	
\\Mac\Home\Documents\Steve\23-10_Manchester2_Mo\Campbell\DP2__xrf\XRF data\L000011.spe	694.00	5.92	1	0.017526	-0.012928	0.010012	0.091030	40069	3.43	34	57	107	20	18	0	167	654	2698	5761	49	0	93	58160	0	52	26	439	45	0	506	252	3110	28	912	32	0	34	187	64	623	72	53	75	0	0	73	0	197	0	215	281	1315	0	0	106	0	101	25	25880	6741	0.243	
\\Mac\Home\Documents\Steve\23-10_Manchester2_Mo\Campbell\DP2__xrf\XRF data\L000012.spe	695.00	5.93	1	0.017526	-0.012928	0.010012	0.091030	39699	2.83	19	8	97	7	17	7	138	578	2540	5190	0	19	79	55121	255	59	33	410	0	0	292	262	3078	89	1016	39	0	26	177	0	259	0	0	65	72	202	114	154	0	0	105	252	986	0	0	0	93	234	270	26379	6351	0.247	
\\Mac\Home\Documents\Steve\23-10_Manchester2_Mo\Campbell\DP2__xrf\XRF data\L000013.spe	696.00	5.93	1	0.017526	-0.012928	0.010012	0.091030	41372	2.99	0	0	63	0	15	0	123	531	2244	4761	56	10	139	54619	191	68	41	401	0	0	479	197	3082	0	906	44	0	29	125	92	548	18	0	16	0	90	66	0	0	0	143	307	869	0	0	161	0	208	176	28722	6781	0.257	
\\Mac\Home\Documents\Steve\23-10_Manchester2_Mo\Campbell\DP2__xrf\XRF data\L000014.spe	697.00	5.94	1	0.017526	-0.012928	0.010012	0.091030	42344	2.87	7	40	78	5	22	0	152	568	2552	4510	19	45	79	55360	157	95	79	443	0	0	310	424	3508	46	959	41	0	23	143	0	251	45	33	47	60	69	0	231	73	0	100	352	1033	0	0	0	0	267	116	30079	7066	0.260	
\\Mac\Home\Documents\Steve\23-10_Manchester2_Mo\Campbell\DP2__xrf\XRF data\L000015.spe	698.00	5.94	1	0.017526	-0.012928	0.010012	0.091030	45196	4.23	9	16	93	0	0	5	159	539	2480	4565	26	53	95	56761	20	74	0	435	47	0	364	221	4015	203	998	37	0	14	138	133	1136	0	11	0	0	0	41	95	59	0	138	322	1418	0	0	0	0	187	0	32796	7882	0.270	
\\Mac\Home\Documents\Steve\23-10_Manchester2_Mo\Campbell\DP2__xrf\XRF data\L000016.spe	699.00	5.93	1	0.017526	-0.012928	0.010012	0.091030	39536	2.46	17	35	99	11	18	10	228	395	1830	3182	6	74	88	43265	223	111	70	395	44	0	204	181	3553	166	766	49	0	28	90	16	0	35	0	0	97	15	0	120	36	0	108	312	690	443	348	0	91	153	90	31193	7063	0.263	
\\Mac\Home\Documents\Steve\23-10_Manchester2_Mo\Campbell\DP2__xrf\XRF data\L000017.spe	700.00	5.80	1	0.017526	-0.012928	0.010012	0.091030	34599	2.84	18	15	44	17	0	0	211	238	1060	2081	74	12	26	36328	129	94	53	248	0	0	51	252	3683	175	887	8	0	0	98	0	619	57	48	0	315	151	229	92	0	0	41	199	827	0	0	0	44	56	13	28779	6858	0.256	
\\Mac\Home\Documents\Steve\23-10_Manchester2_Mo\Campbell\DP2__xrf\XRF data\L000018.spe	701.00	5.60	0	0.017526	-0.012928	0.010012	0.091030	39038	2.61	0	33	88	0	5	0	174	481	2010	3786	0	17	94	48310	202	91	45	332	0	0	388	304	3976	0	1076	38	0	48	150	62	318	151	53	0	0	42	117	22	0	0	72	274	902	0	0	152	14	55	24	28407	7118	0.253	
\\Mac\Home\Documents\Steve\23-10_Manchester2_Mo\Campbell\DP2__xrf\XRF data\L000019.spe	702.00	5.56	0	0.017526	-0.012928	0.010012	0.091030	21678	1.78	25	37	43	0	17	0	235	199	1244	1679	20	38	44	22781	309	87	48	153	0	0	212	139	2366	122	654	13	17	4	100	7	81	0	24	0	0	65	9	172	70	0	0	182	240	0	147	61	14	65	0	18742	5059	0.221	
\\Mac\Home\Documents\Steve\23-10_Manchester2_Mo\Campbell\DP2__xrf\XRF data\L000020.spe	703.00	5.57	0	0.017526	-0.012928	0.010012	0.091030	14905	2.99	0	27	30	0	6	0	241	83	466	921	8	22	19	11618	60	96	5	84	0	0	153	11	1979	76	640	0	9	7	29	91	521	46	0	48	0	34	34	0	0	47	0	86	249	0	0	0	0	0	0	14548	4021	0.212	
\\Mac\Home\Documents\Steve\23-10_Manchester2_Mo\Campbell\DP2__xrf\XRF data\L000021.spe	704.00	5.61	0	0.017526	-0.012928	0.010012	0.091030	17595	1.77	0	67	55	12	5	0	173	257	971	1749	48	28	46	23218	67	57	75	126	64	30	60	189	2132	14	679	0	0	5	41	0	118	8	7	0	17	0	7	70	91	0	69	82	402	0	75	19	86	133	81	13817	3895	0.192	
\\Mac\Home\Documents\Steve\23-10_Manchester2_Mo\Campbell\DP2__xrf\XRF data\L000022.spe	705.00	5.64	0	0.017526	-0.012928	0.010012	0.091030	21389	1.91	0	13	52	0	5	7	170	346	1835	3321	23	55	87	34660	282	52	62	195	6	0	67	209	2396	0	632	21	0	27	106	29	23	55	0	0	0	6	99	109	52	0	20	218	483	73	140	106	58	103	164	14229	4264	0.183	
\\Mac\Home\Documents\Steve\23-10_Manchester2_Mo\Campbell\DP2__xrf\XRF data\L000023.spe	706.00	5.67	1	0.017526	-0.012928	0.010012	0.091030	19323	2.20	11	9	116	0	13	0	205	352	2434	2703	17	37	64	29713	99	65	37	254	0	0	130	135	2970	101	523	20	0	9	113	43	391	33	79	0	0	129	7	57	0	0	63	182	465	0	0	62	0	64	0	13356	4071	0.181	
\\Mac\Home\Documents\Steve\23-10_Manchester2_Mo\Campbell\DP2__xrf\XRF data\L000024.spe	707.00	5.67	1	0.017526	-0.012928	0.010012	0.091030	14339	1.78	0	0	84	12	7	0	172	236	1745	1676	24	6	34	17681	76	28	0	74	30	0	0	197	2352	115	579	29	0	9	77	11	0	0	43	0	104	10	100	100	0	0	21	91	252	0	21	0	42	54	0	10637	3377	0.187	
\\Mac\Home\Documents\Steve\23-10_Manchester2_Mo\Campbell\DP2__xrf\XRF data\L000025.spe	708.00	5.67	0	0.017526	-0.012928	0.010012	0.091030	18186	1.97	0	33	101	0	0	0	98	306	2288	3563	0	27	53	22976	159	18	11	149	0	76	48	178	2927	197	781	34	0	0	115	57	130	25	0	12	107	26	17	80	60	0	33	73	318	0	0	0	0	37	43	13248	4409	0.193	
\\Mac\Home\Documents\Steve\23-10_Manchester2_Mo\Campbell\DP2__xrf\XRF data\L000026.spe	709.00	5.67	0	0.017526	-0.012928	0.010012	0.091030	23407	2.46	0	35	123	0	0	0	74	589	3245	3760	0	26	66	34390	0	69	29	223	50	72	69	134	3453	98	1004	50	0	10	129	0	0	49	0	22	0	0	0	0	144	75	79	146	864	412	391	250	32	109	93	14532	4946	0.193	
\\Mac\Home\Documents\Steve\23-10_Manchester2_Mo\Campbell\DP2__xrf\XRF data\L000027.spe	710.00	5.67	0	0.017526	-0.012928	0.010012	0.091030	26476	3.01	0	20	104	12	6	0	85	424	3641	3398	9	139	68	35777	235	55	86	189	0	0	38	243	4281	25	974	37	0	20	96	0	585	44	0	82	41	82	56	67	56	82	51	216	478	0	0	0	0	116	77	17097	5542	0.210	
\\Mac\Home\Documents\Steve\23-10_Manchester2_Mo\Campbell\DP2__xrf\XRF data\L000028.spe	711.00	5.67	0	0.017526	-0.012928	0.010012	0.091030	27290	2.38	0	28	143	12	5	0	61	523	3615	3813	0	18	58	36428	86	96	22	197	0	0	150	136	4789	54	861	73	0	0	129	67	184	102	80	0	0	101	129	57	0	142	123	239	668	0	13	69	0	44	0	17161	5737	0.213	
\\Mac\Home\Documents\Steve\23-10_Manchester2_Mo\Campbell\DP2__xrf\XRF data\L000029.spe	712.00	5.70	1	0.017526	-0.012928	0.010012	0.091030	31342	2.97	0	20	128	0	0	0	98	484	3393	4363	0	41	81	50705	268	70	0	281	13	70	34	285	4779	0	924	46	0	55	184	37	0	86	0	39	78	4	11	0	9	0	79	348	659	457	366	124	27	131	141	17945	5850	0.215	
\\Mac\Home\Documents\Steve\23-10_Manchester2_Mo\Campbell\DP2__xrf\XRF data\L000030.spe	713.00	5.71	1	0.017526	-0.012928	0.010012	0.091030	30877	3.24	0	24	153	0	12	0	61	579	3768	4838	0	63	86	48810	283	69	88	286	14	0	163	196	4356	72	1064	51	16	0	191	0	553	0	53	0	19	46	102	103	0	79	100	278	724	0	0	0	92	179	90	17828	5598	0.211	
\\Mac\Home\Documents\Steve\23-10_Manchester2_Mo\Campbell\DP2__xrf\XRF data\L000031.spe	714.00	5.81	1	0.017526	-0.012928	0.010012	0.091030	36337	3.40	9	63	194	4	13	5	117	662	4523	4791	0	67	110	64003	192	35	33	284	0	0	238	62	4565	73	907	61	4	8	191	128	612	27	0	0	0	59	0	53	177	163	108	376	1196	0	0	36	0	77	47	19726	6149	0.217	
\\Mac\Home\Documents\Steve\23-10_Manchester2_Mo\Campbell\DP2__xrf\XRF data\L000032.spe	715.00	5.84	1	0.017526	-0.012928	0.010012	0.091030	37271	3.17	0	38	148	12	0	0	155	777	4283	4773	0	76	81	64684	0	55	0	327	0	0	212	411	4672	95	1071	54	0	12	196	116	491	0	0	0	0	10	97	263	125	0	211	325	1537	0	0	109	0	26	196	20299	6102	0.222	
\\Mac\Home\Documents\Steve\23-10_Manchester2_Mo\Campbell\DP2__xrf\XRF data\L000033.spe	716.00	5.83	1	0.017526	-0.012928	0.010012	0.091030	31497	3.14	0	6	197	0	0	0	133	569	5040	4019	0	47	81	50251	169	40	13	275	0	0	79	254	4738	40	696	80	19	16	149	0	0	31	0	0	52	169	153	242	0	0	80	298	845	179	283	0	48	137	211	18175	5687	0.211	
\\Mac\Home\Documents\Steve\23-10_Manchester2_Mo\Campbell\DP2__xrf\XRF data\L000034.spe	717.00	5.83	1	0.017526	-0.012928	0.010012	0.091030	30569	3.30	0	11	143	8	0	0	163	589	4446	3979	40	29	72	56166	387	31	0	226	12	33	207	174	4151	41	620	47	19	7	110	88	0	68	0	0	0	0	30	81	0	6	62	299	582	463	350	469	0	77	167	16299	5208	0.202	
\\Mac\Home\Documents\Steve\23-10_Manchester2_Mo\Campbell\DP2__xrf\XRF data\L000035.spe	718.00	5.87	1	0.017526	-0.012928	0.010012	0.091030	25296	2.49	0	12	99	0	0	0	165	515	3055	3492	17	21	62	39219	220	66	12	185	44	0	108	103	3673	49	768	61	0	22	113	64	365	94	34	0	24	0	71	0	56	75	14	236	655	0	0	17	0	65	94	15828	4941	0.197	
\\Mac\Home\Documents\Steve\23-10_Manchester2_Mo\Campbell\DP2__xrf\XRF data\L000036.spe	719.00	5.91	1	0.017526	-0.012928	0.010012	0.091030	28004	2.65	0	33	135	0	5	0	164	494	3885	3837	19	39	47	42256	67	50	45	217	0	0	85	148	4481	41	1065	67	0	6	135	0	438	91	70	0	0	5	74	95	127	0	116	196	897	0	0	0	0	165	0	17467	5744	0.203	
\\Mac\Home\Documents\Steve\23-10_Manchester2_Mo\Campbell\DP2__xrf\XRF data\L000037.spe	720.00	5.94	1	0.017526	-0.012928	0.010012	0.091030	32852	2.94	41	46	156	4	21	0	166	624	3968	5148	0	92	51	52859	90	71	35	316	49	16	115	293	4583	76	836	45	0	40	122	101	460	73	0	0	0	0	182	287	73	0	186	326	996	0	0	59	0	142	109	19757	6020	0.212	
\\Mac\Home\Documents\Steve\23-10_Manchester2_Mo\Campbell\DP2__xrf\XRF data\L000038.spe	721.00	5.97	1	0.017526	-0.012928	0.010012	0.091030	34101	2.96	11	18	178	0	5	0	194	652	4451	6282	32	72	104	56782	0	13	36	319	0	42	134	335	4591	163	865	79	11	14	201	14	349	9	0	34	39	64	120	0	83	0	249	325	1344	0	0	0	37	185	136	19804	5904	0.212	
\\Mac\Home\Documents\Steve\23-10_Manchester2_Mo\Campbell\DP2__xrf\XRF data\L000039.spe	722.00	5.95	1	0.017526	-0.012928	0.010012	0.091030	30950	2.75	10	15	127	0	21	0	166	510	4549	3811	78	12	83	49117	0	84	75	283	0	0	12	198	4776	78	659	28	0	17	154	0	206	5	0	0	44	32	136	11	52	47	225	257	1320	0	19	13	59	220	194	18723	5526	0.207	
\\Mac\Home\Documents\Steve\23-10_Manchester2_Mo\Campbell\DP2__xrf\XRF data\L000040.spe	723.00	5.91	1	0.017526	-0.012928	0.010012	0.091030	31856	2.65	0	50	127	0	0	0	141	507	4417	4229	0	47	58	48344	154	41	66	261	0	132	0	231	4355	129	937	23	0	0	205	41	94	30	0	0	187	37	81	20	156	112	122	269	971	23	0	0	0	173	356	19706	5902	0.216	
\\Mac\Home\Documents\Steve\23-10_Manchester2_Mo\Campbell\DP2__xrf\XRF data\L000041.spe	724.00	5.91	1	0.017526	-0.012928	0.010012	0.091030	37607	3.09	7	36	166	7	26	8	161	603	5111	5035	56	37	80	59976	305	70	14	312	0	20	174	335	5089	100	1139	74	0	17	154	158	406	42	0	0	24	138	50	132	109	0	123	347	738	0	0	0	0	76	146	21562	6200	0.229	
\\Mac\Home\Documents\Steve\23-10_Manchester2_Mo\Campbell\DP2__xrf\XRF data\L000042.spe	725.00	5.93	1	0.017526	-0.012928	0.010012	0.091030	33272	3.57	22	46	145	13	19	0	209	529	3363	4006	0	79	52	54081	277	42	94	325	0	7	209	134	3973	50	927	46	0	20	115	46	699	0	0	0	11	36	53	166	39	23	90	288	772	0	0	0	0	190	116	20051	5795	0.219	
\\Mac\Home\Documents\Steve\23-10_Manchester2_Mo\Campbell\DP2__xrf\XRF data\L000043.spe	726.00	5.95	1	0.017526	-0.012928	0.010012	0.091030	27311	3.02	20	20	71	0	39	0	222	406	2295	4742	0	39	59	40477	160	40	59	229	0	0	0	271	3519	85	1038	28	0	45	149	51	659	0	0	0	94	109	66	11	15	0	109	174	663	0	0	0	0	120	152	18440	5454	0.207	
\\Mac\Home\Documents\Steve\23-10_Manchester2_Mo\Campbell\DP2__xrf\XRF data\L000044.spe	727.00	5.94	1	0.017526	-0.012928	0.010012	0.091030	25234	2.07	9	29	85	14	0	0	206	305	2852	2877	0	11	42	32422	82	42	29	225	0	0	90	174	3318	98	1139	32	8	0	107	0	55	41	56	0	127	35	29	0	0	57	42	221	738	0	85	0	109	140	0	18236	5329	0.209	
\\Mac\Home\Documents\Steve\23-10_Manchester2_Mo\Campbell\DP2__xrf\XRF data\L000045.spe	728.00	5.94	1	0.017526	-0.012928	0.010012	0.091030	29471	2.44	0	20	145	0	0	12	206	439	3357	4309	30	17	43	39847	115	93	0	361	0	0	185	215	3767	133	936	29	0	16	128	216	322	96	0	0	0	184	145	10	20	0	133	212	738	0	0	122	0	0	0	21017	6054	0.216	
\\Mac\Home\Documents\Steve\23-10_Manchester2_Mo\Campbell\DP2__xrf\XRF data\L000046.spe	729.00	5.93	1	0.017526	-0.012928	0.010012	0.091030	29819	3.44	0	42	128	0	25	0	151	483	3208	3982	65	56	79	48460	253	49	64	265	0	0	394	249	3694	147	840	52	0	0	109	0	679	60	4	0	0	182	140	170	0	8	83	318	657	0	0	0	84	159	123	19273	5519	0.207	
\\Mac\Home\Documents\Steve\23-10_Manchester2_Mo\Campbell\DP2__xrf\XRF data\L000047.spe	730.00	5.94	1	0.017526	-0.012928	0.010012	0.091030	21965	2.56	0	27	68	0	0	0	210	335	1557	2396	9	30	40	33055	165	61	71	190	0	0	125	109	2575	213	636	24	0	8	54	58	453	43	0	0	0	102	107	117	0	105	65	190	598	0	0	0	0	22	182	15970	4703	0.192	
\\Mac\Home\Documents\Steve\23-10_Manchester2_Mo\Campbell\DP2__xrf\XRF data\L000048.spe	731.00	5.76	0	0.017526	-0.012928	0.010012	0.091030	29267	2.49	11	37	108	0	12	0	175	487	2329	3574	42	48	54	51484	77	42	80	253	46	0	255	149	2988	33	866	43	0	8	133	0	45	46	22	0	0	10	24	0	42	7	212	259	1023	28	104	212	113	221	113	17430	5173	0.204	
\\Mac\Home\Documents\Steve\23-10_Manchester2_Mo\Campbell\DP2__xrf\XRF data\L000049.spe	732.00	5.79	1	0.017526	-0.012928	0.010012	0.091030	35592	3.21	4	40	179	5	0	0	128	708	4620	6003	68	95	104	60842	162	70	28	370	74	80	101	300	4194	0	1162	61	0	29	192	63	103	20	0	0	0	0	0	17	69	0	129	383	1001	29	586	111	0	176	551	18993	6075	0.218	
\\Mac\Home\Documents\Steve\23-10_Manchester2_Mo\Campbell\DP2__xrf\XRF data\L000050.spe	733.00	5.83	1	0.017526	-0.012928	0.010012	0.091030	32224	2.81	0	27	125	9	22	0	166	685	3979	3876	47	51	36	55622	110	64	57	259	0	123	74	189	4035	87	1257	55	25	0	163	0	0	34	0	122	58	31	64	13	29	92	215	313	955	198	234	143	97	199	201	17829	5630	0.210	
\\Mac\Home\Documents\Steve\23-10_Manchester2_Mo\Campbell\DP2__xrf\XRF data\L000051.spe	734.00	5.79	1	0.017526	-0.012928	0.010012	0.091030	29561	3.02	0	24	104	0	16	0	138	464	2803	3763	30	26	58	50687	65	92	0	280	51	0	186	272	3358	14	1026	59	16	0	140	128	456	27	0	0	0	0	0	0	35	0	146	299	1107	0	0	0	0	111	132	16924	5337	0.205	
\\Mac\Home\Documents\Steve\23-10_Manchester2_Mo\Campbell\DP2__xrf\XRF data\L000052.spe	735.00	5.80	1	0.017526	-0.012928	0.010012	0.091030	34612	3.32	0	21	118	0	28	12	145	464	2451	3106	24	33	32	58673	293	59	43	531	0	0	523	59	3414	82	996	18	0	16	120	60	0	61	96	83	0	150	0	10	80	123	60	376	1089	241	92	328	0	108	0	20343	5937	0.220	
\\Mac\Home\Documents\Steve\23-10_Manchester2_Mo\Campbell\DP2__xrf\XRF data\L000053.spe	736.00	5.85	1	0.017526	-0.012928	0.010012	0.091030	30130	2.83	10	37	148	0	21	0	132	541	3495	5072	0	48	54	47462	0	42	14	221	65	0	126	330	3990	67	1000	44	0	0	140	85	431	57	0	0	0	0	142	182	55	0	106	221	1034	0	0	41	0	95	70	18019	5720	0.210	
\\Mac\Home\Documents\Steve\23-10_Manchester2_Mo\Campbell\DP2__xrf\XRF data\L000054.spe	737.00	5.84	1	0.017526	-0.012928	0.010012	0.091030	37519	3.59	0	38	214	11	0	0	102	777	3603	5024	0	60	76	62145	69	61	22	298	54	0	281	291	4405	145	1270	56	0	0	190	189	678	0	0	0	51	0	32	0	146	232	235	343	1247	0	0	0	0	103	129	20179	6276	0.228	
\\Mac\Home\Documents\Steve\23-10_Manchester2_Mo\Campbell\DP2__xrf\XRF data\L000055.spe	738.00	5.88	1	0.017526	-0.012928	0.010012	0.091030	35891	3.76	0	46	159	6	0	0	159	683	3708	4448	98	107	107	65257	264	73	73	318	0	0	217	241	4429	71	948	55	0	8	175	0	766	46	0	0	0	30	12	40	88	0	106	388	1078	0	0	0	76	230	158	18491	5824	0.220	
\\Mac\Home\Documents\Steve\23-10_Manchester2_Mo\Campbell\DP2__xrf\XRF data\L000056.spe	739.00	5.90	1	0.017526	-0.012928	0.010012	0.091030	33682	2.84	0	9	136	0	26	0	164	590	3880	3818	85	118	98	52722	20	73	0	260	0	0	104	55	4314	0	1031	56	0	42	152	63	0	12	0	10	10	58	0	0	25	373	88	345	1478	204	195	59	0	143	0	19603	6511	0.221	
\\Mac\Home\Documents\Steve\23-10_Manchester2_Mo\Campbell\DP2__xrf\XRF data\L000057.spe	740.00	5.89	1	0.017526	-0.012928	0.010012	0.091030	39043	6.49	0	65	222	14	36	0	168	852	4896	5475	43	71	103	68944	169	39	54	392	0	0	245	328	4465	28	1219	62	0	21	151	41	1447	90	6	6	0	95	162	142	59	0	107	450	1357	0	0	0	0	88	180	20041	6196	0.228	
\\Mac\Home\Documents\Steve\23-10_Manchester2_Mo\Campbell\DP2__xrf\XRF data\L000058.spe	741.00	5.90	1	0.017526	-0.012928	0.010012	0.091030	36993	3.59	0	44	199	4	56	0	153	754	3965	5191	0	42	107	64791	414	86	43	399	30	0	0	304	4333	100	1176	44	21	0	221	89	494	42	0	0	217	7	0	77	147	0	20	378	916	0	0	0	0	178	186	19976	6528	0.223	
\\Mac\Home\Documents\Steve\23-10_Manchester2_Mo\Campbell\DP2__xrf\XRF data\L000059.spe	742.00	5.92	1	0.017526	-0.012928	0.010012	0.091030	37718	3.33	12	25	186	40	15	0	159	544	4448	4845	63	40	75	68577	339	58	48	348	0	11	49	247	4178	86	1012	61	0	0	206	61	406	24	0	0	125	124	50	108	28	0	167	420	876	0	0	0	0	185	167	20204	6187	0.226	
\\Mac\Home\Documents\Steve\23-10_Manchester2_Mo\Campbell\DP2__xrf\XRF data\L000060.spe	743.00	5.94	1	0.017526	-0.012928	0.010012	0.091030	36311	2.99	0	28	115	0	22	0	199	589	4272	4119	40	56	83	55878	193	97	0	285	0	0	254	197	4897	131	931	44	0	21	130	48	306	7	12	0	0	0	120	69	141	80	114	357	979	0	0	7	22	297	0	22362	6592	0.233	
\\Mac\Home\Documents\Steve\23-10_Manchester2_Mo\Campbell\DP2__xrf\XRF data\L000061.spe	744.00	5.93	1	0.017526	-0.012928	0.010012	0.091030	32115	3.14	26	42	95	10	25	0	188	398	2601	2761	46	0	33	44150	13	78	20	242	0	0	506	173	3796	35	739	22	0	6	101	81	661	5	93	0	94	67	0	0	13	78	150	254	1180	0	0	0	0	53	0	22563	6166	0.223	
\\Mac\Home\Documents\Steve\23-10_Manchester2_Mo\Campbell\DP2__xrf\XRF data\L000062.spe	745.00	5.89	1	0.017526	-0.012928	0.010012	0.091030	27874	2.38	11	21	91	12	32	11	170	368	2518	2257	24	17	56	52211	211	53	27	213	8	49	716	345	2629	39	485	23	21	0	104	96	208	21	180	8	123	26	34	164	82	0	83	325	760	0	0	0	0	0	0	15738	4258	0.188	
\\Mac\Home\Documents\Steve\23-10_Manchester2_Mo\Campbell\DP2__xrf\XRF data\L000063.spe	746.00	5.87	1	0.017526	-0.012928	0.010012	0.091030	18254	1.90	0	6	65	0	23	0	174	164	1584	998	25	11	36	24569	133	48	54	92	23	0	214	135	2232	0	629	26	0	18	44	0	257	0	185	20	0	8	24	18	0	0	100	107	340	0	0	0	132	18	0	13735	4139	0.197	
\\Mac\Home\Documents\Steve\23-10_Manchester2_Mo\Campbell\DP2__xrf\XRF data\L000064.spe	747.00	5.89	1	0.017526	-0.012928	0.010012	0.091030	26652	2.19	0	13	96	0	0	0	144	294	2321	2483	55	59	52	34616	167	90	21	210	16	0	121	170	2942	0	847	20	19	7	72	182	0	88	0	22	0	30	47	45	0	0	103	244	614	87	22	93	0	0	304	19547	5430	0.219	
\\Mac\Home\Documents\Steve\23-10_Manchester2_Mo\Campbell\DP2__xrf\XRF data\L000065.spe	748.00	5.98	1	0.017526	-0.012928	0.010012	0.091030	33013	2.64	0	18	103	16	22	0	160	493	2196	3686	80	56	47	45798	37	31	24	178	0	16	423	72	2828	58	928	27	0	11	158	55	285	23	0	123	0	21	17	0	123	80	116	275	1080	0	0	362	0	251	79	22806	5794	0.225	
\\Mac\Home\Documents\Steve\23-10_Manchester2_Mo\Campbell\DP2__xrf\XRF data\L000066.spe	749.00	6.00	1	0.017526	-0.012928	0.010012	0.091030	34894	3.43	5	12	105	17	21	0	173	565	2424	4006	81	24	71	49142	286	57	14	309	26	0	151	160	3026	0	818	33	0	19	120	184	851	139	129	0	0	0	0	9	85	90	116	343	688	0	0	0	0	16	0	23476	6047	0.233	
\\Mac\Home\Documents\Steve\23-10_Manchester2_Mo\Campbell\DP2__xrf\XRF data\L000067.spe	750.00	6.02	1	0.017526	-0.012928	0.010012	0.091030	37715	2.93	0	43	91	5	24	0	182	622	2280	4583	0	52	70	51625	243	70	66	217	9	63	230	154	3332	106	926	26	0	20	203	65	357	0	0	18	0	43	179	35	12	0	33	341	758	0	0	68	0	137	275	25578	6269	0.242	
\\Mac\Home\Documents\Steve\23-10_Manchester2_Mo\Campbell\DP2__xrf\XRF data\L000068.spe	751.00	6.03	1	0.017526	-0.012928	0.010012	0.091030	41173	2.76	11	45	104	0	10	0	149	635	2651	5352	0	49	95	55391	165	11	0	304	0	7	177	166	3748	106	1002	68	0	20	173	252	0	46	0	0	0	5	0	35	115	138	128	283	1132	282	443	145	0	16	12	27928	6851	0.250	
\\Mac\Home\Documents\Steve\23-10_Manchester2_Mo\Campbell\DP2__xrf\XRF data\L000069.spe	752.00	6.06	1	0.017526	-0.012928	0.010012	0.091030	39163	2.73	0	24	60	15	37	0	165	562	2268	4544	48	60	96	49170	182	87	80	305	0	0	307	182	3314	66	713	60	0	28	129	0	384	0	65	0	14	69	0	0	0	55	15	307	856	0	0	0	162	251	31	28145	6447	0.248	
\\Mac\Home\Documents\Steve\23-10_Manchester2_Mo\Campbell\DP2__xrf\XRF data\L000070.spe	753.00	6.07	1	0.017526	-0.012928	0.010012	0.091030	40919	3.55	35	42	124	8	41	0	204	641	2524	5039	54	24	136	53202	316	47	52	382	0	0	384	282	3863	119	971	30	0	9	129	128	979	0	0	0	0	109	61	164	234	0	43	367	716	0	0	0	0	146	113	28516	6841	0.251	
\\Mac\Home\Documents\Steve\23-10_Manchester2_Mo\Campbell\DP2__xrf\XRF data\L000071.spe	754.00	6.08	1	0.017526	-0.012928	0.010012	0.091030	35165	2.68	8	19	68	0	23	0	179	482	2390	4180	18	26	37	47051	448	49	0	223	0	0	240	255	3349	50	948	40	0	52	137	72	0	42	57	0	0	0	0	110	95	0	0	245	491	379	400	306	0	165	0	25058	6205	0.234	
\\Mac\Home\Documents\Steve\23-10_Manchester2_Mo\Campbell\DP2__xrf\XRF data\L000072.spe	755.00	6.04	1	0.017526	-0.012928	0.010012	0.091030	38475	3.02	0	52	159	13	32	0	196	533	2598	4832	65	49	110	55185	206	73	27	301	0	62	190	330	3419	132	898	97	0	30	145	59	192	20	0	0	0	53	91	42	80	0	26	375	1105	0	6	25	0	166	143	25749	6559	0.243	
\\Mac\Home\Documents\Steve\23-10_Manchester2_Mo\Campbell\DP2__xrf\XRF data\L000073.spe	756.00	6.05	1	0.017526	-0.012928	0.010012	0.091030	38326	3.03	0	26	164	0	5	0	164	603	3734	4804	22	55	89	61432	12	104	77	368	0	0	196	197	3890	60	1088	69	0	15	153	5	337	32	19	92	0	59	10	70	104	0	200	397	1446	0	0	0	13	238	91	22366	6112	0.234	
\\Mac\Home\Documents\Steve\23-10_Manchester2_Mo\Campbell\DP2__xrf\XRF data\L000074.spe	757.00	6.07	1	0.017526	-0.012928	0.010012	0.091030	32254	3.34	0	40	121	32	24	0	186	576	3409	3498	26	29	67	49743	328	72	16	271	7	0	178	127	4171	168	890	30	0	25	186	156	719	102	0	0	0	0	55	0	32	166	49	333	722	0	0	26	0	116	113	20072	5873	0.220	
\\Mac\Home\Documents\Steve\23-10_Manchester2_Mo\Campbell\DP2__xrf\XRF data\L000075.spe	758.00	6.05	1	0.017526	-0.012928	0.010012	0.091030	32207	3.22	0	12	136	0	0	0	178	586	3393	4439	56	30	72	52641	267	53	20	293	15	0	175	240	4191	22	928	30	0	0	142	119	501	54	0	0	0	0	0	28	145	0	113	319	842	0	0	109	0	30	28	18789	5742	0.214	
\\Mac\Home\Documents\Steve\23-10_Manchester2_Mo\Campbell\DP2__xrf\XRF data\L000076.spe	759.00	6.08	1	0.017526	-0.012928	0.010012	0.091030	33748	2.81	0	35	141	0	0	0	159	524	3611	4939	11	40	92	52685	244	42	67	301	0	0	229	254	4309	109	903	37	0	0	183	73	157	52	0	0	0	133	95	57	32	0	162	251	757	35	76	74	0	109	91	20574	6117	0.220	
\\Mac\Home\Documents\Steve\23-10_Manchester2_Mo\Campbell\DP2__xrf\XRF data\L000077.spe	760.00	6.06	1	0.017526	-0.012928	0.010012	0.091030	37625	3.20	0	32	190	24	4	0	150	517	3985	5657	38	50	77	59991	142	92	86	353	0	0	124	299	4514	97	854	55	0	11	173	0	472	0	12	0	16	65	117	237	23	0	221	369	1127	0	0	81	168	366	139	22299	6498	0.231	
\\Mac\Home\Documents\Steve\23-10_Manchester2_Mo\Campbell\DP2__xrf\XRF data\L000078.spe	761.00	6.06	1	0.017526	-0.012928	0.010012	0.091030	36567	3.70	7	41	193	0	26	0	158	554	5053	4973	38	55	101	51922	386	128	58	385	15	0	84	305	5121	63	945	58	0	26	135	0	928	55	63	0	30	5	93	115	115	0	47	333	645	0	0	0	36	170	56	22866	6702	0.232	
\\Mac\Home\Documents\Steve\23-10_Manchester2_Mo\Campbell\DP2__xrf\XRF data\L000079.spe	762.00	6.06	1	0.017526	-0.012928	0.010012	0.091030	38973	3.10	0	62	176	11	0	0	131	592	5036	4854	0	39	99	55454	119	36	82	301	89	0	119	359	5374	109	752	33	0	0	187	11	484	39	69	0	110	0	32	111	98	0	150	303	1016	0	0	0	29	190	113	23912	6477	0.237	
\\Mac\Home\Documents\Steve\23-10_Manchester2_Mo\Campbell\DP2__xrf\XRF data\L000080.spe	763.00	6.08	1	0.017526	-0.012928	0.010012	0.091030	35626	3.28	0	30	138	22	27	11	215	626	3580	4196	17	65	42	53134	378	48	57	242	19	0	303	212	4741	11	939	28	0	5	168	20	638	93	0	6	0	0	20	136	89	0	75	288	648	0	0	327	41	241	35	21511	6147	0.228	
\\Mac\Home\Documents\Steve\23-10_Manchester2_Mo\Campbell\DP2__xrf\XRF data\L000081.spe	764.00	6.05	1	0.017526	-0.012928	0.010012	0.091030	29530	2.59	0	32	124	0	16	0	173	549	3467	3494	53	58	88	44084	0	31	68	255	34	31	48	236	4428	101	794	60	0	27	111	31	0	94	23	15	132	19	140	67	21	17	140	221	969	174	195	0	0	58	31	18681	5633	0.213	
\\Mac\Home\Documents\Steve\23-10_Manchester2_Mo\Campbell\DP2__xrf\XRF data\L000082.spe	765.00	6.06	1	0.017526	-0.012928	0.010012	0.091030	31428	2.68	0	35	143	0	18	0	184	716	3853	4452	43	10	107	45297	308	32	67	285	0	0	16	157	4669	46	881	70	0	13	106	84	466	71	0	5	153	17	152	87	38	41	23	247	667	0	0	0	0	81	169	19814	5902	0.216	
\\Mac\Home\Documents\Steve\23-10_Manchester2_Mo\Campbell\DP2__xrf\XRF data\L000083.spe	766.00	6.09	1	0.017526	-0.012928	0.010012	0.091030	32778	2.83	0	0	137	0	0	0	159	568	4320	4195	0	25	44	49390	235	37	65	226	171	7	106	331	4672	70	902	78	0	0	161	0	0	0	0	0	0	0	118	0	163	0	85	230	810	336	406	198	77	179	191	20052	6053	0.218	
\\Mac\Home\Documents\Steve\23-10_Manchester2_Mo\Campbell\DP2__xrf\XRF data\L000084.spe	767.00	6.09	1	0.017526	-0.012928	0.010012	0.091030	32339	3.01	0	63	189	0	15	0	204	715	4220	4231	58	45	58	48316	158	28	104	214	0	0	0	369	4965	141	1131	81	0	0	109	0	375	0	75	0	172	96	220	229	0	0	134	222	771	0	0	0	54	263	18	19954	5902	0.217	
\\Mac\Home\Documents\Steve\23-10_Manchester2_Mo\Campbell\DP2__xrf\XRF data\L000085.spe	768.00	6.06	1	0.017526	-0.012928	0.010012	0.091030	35586	3.86	11	41	209	8	8	0	140	637	5900	4650	0	47	93	53972	97	64	47	374	82	210	84	393	5269	158	1374	51	0	0	218	8	836	36	0	71	130	0	93	0	108	0	122	300	1180	0	0	0	75	307	225	20330	6671	0.227	
\\Mac\Home\Documents\Steve\23-10_Manchester2_Mo\Campbell\DP2__xrf\XRF data\L000086.spe	769.00	6.11	1	0.017526	-0.012928	0.010012	0.091030	29736	3.83	0	47	140	0	6	0	141	431	3737	3558	34	20	64	39038	249	83	55	217	0	0	109	274	4319	81	1041	48	0	21	120	0	1111	9	0	0	0	29	31	0	0	56	30	200	527	0	0	0	0	179	131	20490	6050	0.220	
\\Mac\Home\Documents\Steve\23-10_Manchester2_Mo\Campbell\DP2__xrf\XRF data\L000087.spe	770.00	6.12	1	0.017526	-0.012928	0.010012	0.091030	31277	2.71	13	35	135	0	0	0	164	382	3890	3898	14	0	58	43381	225	84	57	231	0	0	104	139	4033	66	901	17	12	0	99	0	369	0	0	0	18	66	161	0	42	283	0	243	697	0	0	0	27	247	161	21495	5850	0.222	
\\Mac\Home\Documents\Steve\23-10_Manchester2_Mo\Campbell\DP2__xrf\XRF data\L000088.spe	771.00	6.12	1	0.017526	-0.012928	0.010012	0.091030	33864	3.79	4	24	158	0	40	0	151	499	4630	4135	0	71	94	47208	195	52	0	305	0	0	56	142	4427	181	805	83	0	15	175	21	922	0	0	0	11	62	0	162	68	0	79	255	711	0	0	0	0	223	65	22821	6277	0.225	
\\Mac\Home\Documents\Steve\23-10_Manchester2_Mo\Campbell\DP2__xrf\XRF data\L000089.spe	772.00	6.11	1	0.017526	-0.012928	0.010012	0.091030	36824	3.17	0	46	195	8	0	0	174	734	4782	5983	0	88	92	57058	236	54	25	332	0	0	0	363	4012	98	958	53	0	19	196	10	359	16	88	0	287	63	201	173	0	0	90	372	936	0	0	0	0	180	0	22475	6291	0.226	
\\Mac\Home\Documents\Steve\23-10_Manchester2_Mo\Campbell\DP2__xrf\XRF data\L000090.spe	773.00	6.11	1	0.017526	-0.012928	0.010012	0.091030	33147	2.84	0	33	128	8	15	0	177	546	3680	4766	0	109	61	47988	243	133	100	240	0	61	0	195	3371	178	847	35	15	0	143	11	9	66	0	75	201	13	110	22	173	79	115	395	714	126	95	0	27	254	299	22681	5982	0.223	
\\Mac\Home\Documents\Steve\23-10_Manchester2_Mo\Campbell\DP2__xrf\XRF data\L000091.spe	774.00	6.11	1	0.017526	-0.012928	0.010012	0.091030	32462	2.29	23	77	119	21	19	14	208	431	3063	3313	6	35	103	43210	14	69	55	204	0	0	392	154	3469	41	745	26	6	8	145	38	203	20	0	0	0	57	0	0	119	130	135	247	1000	0	0	327	22	223	118	22954	5799	0.226	
\\Mac\Home\Documents\Steve\23-10_Manchester2_Mo\Campbell\DP2__xrf\XRF data\L000092.spe	775.00	6.10	1	0.017526	-0.012928	0.010012	0.091030	32807	2.70	0	44	95	0	6	0	164	501	2880	4020	13	58	54	48087	241	104	0	271	26	0	277	205	3569	43	906	28	0	8	121	144	277	155	53	84	0	0	58	145	146	0	91	328	823	0	0	195	0	0	74	21613	5692	0.226	
\\Mac\Home\Documents\Steve\23-10_Manchester2_Mo\Campbell\DP2__xrf\XRF data\L000093.spe	776.00	6.11	1	0.017526	-0.012928	0.010012	0.091030	34297	2.73	0	26	145	0	0	0	121	364	3606	3737	34	43	69	47503	295	48	66	259	0	0	88	124	3802	33	776	43	0	12	105	16	530	33	0	0	33	0	89	61	101	138	31	327	673	0	0	0	25	191	90	23500	6238	0.232	
\\Mac\Home\Documents\Steve\23-10_Manchester2_Mo\Campbell\DP2__xrf\XRF data\L000094.spe	777.00	6.14	1	0.017526	-0.012928	0.010012	0.091030	37972	3.04	0	19	159	0	100	0	122	556	4523	4613	8	54	105	56522	202	53	42	259	0	0	100	147	3925	134	835	54	0	0	149	0	606	62	0	12	42	24	50	92	63	0	97	296	928	0	0	0	123	191	202	23819	6471	0.237	
\\Mac\Home\Documents\Steve\23-10_Manchester2_Mo\Campbell\DP2__xrf\XRF data\L000095.spe	778.00	6.17	1	0.017526	-0.012928	0.010012	0.091030	36869	2.76	0	36	143	0	12	0	153	608	3466	4825	8	28	91	54303	393	61	58	259	0	0	224	238	3838	92	646	52	0	11	146	19	446	7	81	17	12	142	18	214	46	0	95	258	535	0	0	0	49	157	94	24155	6188	0.234	
\\Mac\Home\Documents\Steve\23-10_Manchester2_Mo\Campbell\DP2__xrf\XRF data\L000096.spe	779.00	6.18	1	0.017526	-0.012928	0.010012	0.091030	38360	3.09	0	32	117	0	17	0	182	618	3179	5703	58	59	99	65283	213	48	64	259	12	30	279	152	3545	0	633	36	0	27	192	0	0	0	0	0	0	0	48	0	0	0	162	381	1081	281	231	390	0	231	70	22576	5900	0.229	
\\Mac\Home\Documents\Steve\23-10_Manchester2_Mo\Campbell\DP2__xrf\XRF data\L000097.spe	780.00	6.18	1	0.017526	-0.012928	0.010012	0.091030	33292	4.97	13	50	132	23	24	0	183	442	3448	3955	28	8	70	48506	22	65	9	253	0	0	124	319	3970	74	740	9	0	0	79	241	1222	95	0	0	26	174	74	56	56	0	194	286	977	0	0	0	0	49	62	22188	5950	0.222	
\\Mac\Home\Documents\Steve\23-10_Manchester2_Mo\Campbell\DP2__xrf\XRF data\L000098.spe	781.00	6.18	1	0.017526	-0.012928	0.010012	0.091030	35255	3.50	0	11	103	0	19	0	193	516	4350	4414	41	46	97	52176	298	74	25	350	0	0	61	206	4708	73	779	53	0	21	155	129	887	41	0	0	167	57	156	28	50	91	129	251	787	0	0	0	0	177	118	22037	6116	0.223	
\\Mac\Home\Documents\Steve\23-10_Manchester2_Mo\Campbell\DP2__xrf\XRF data\L000099.spe	782.00	6.18	1	0.017526	-0.012928	0.010012	0.091030	34757	2.77	0	34	109	0	25	0	163	583	4092	4668	13	61	91	52636	122	47	68	286	0	0	237	398	4634	0	812	36	0	17	166	0	159	26	0	0	0	41	151	86	123	0	109	319	1019	5	0	166	109	297	63	20866	6110	0.223	
\\Mac\Home\Documents\Steve\23-10_Manchester2_Mo\Campbell\DP2__xrf\XRF data\L000100.spe	783.00	6.17	1	0.017526	-0.012928	0.010012	0.091030	34310	3.75	0	10	83	6	12	0	173	462	3317	4253	55	17	78	53474	150	31	0	263	0	0	146	297	4010	129	670	47	0	0	142	195	844	0	0	0	0	77	174	99	0	0	159	341	1002	0	0	0	0	105	276	20798	5964	0.220	
\\Mac\Home\Documents\Steve\23-10_Manchester2_Mo\Campbell\DP2__xrf\XRF data\L000101.spe	784.00	6.20	1	0.017526	-0.012928	0.010012	0.091030	34268	2.64	0	31	119	16	6	0	219	652	3571	4594	32	32	109	54757	203	45	57	315	0	0	237	303	4283	94	779	40	0	33	182	125	178	32	49	5	0	27	29	26	145	0	86	358	990	0	19	229	0	81	0	19857	5878	0.216	
\\Mac\Home\Documents\Steve\23-10_Manchester2_Mo\Campbell\DP2__xrf\XRF data\L000102.spe	785.00	6.19	1	0.017526	-0.012928	0.010012	0.091030	37520	2.73	10	42	147	0	12	0	208	664	3870	5871	19	50	36	64780	195	74	28	330	0	17	130	121	4367	21	818	34	0	6	155	0	100	0	0	0	0	120	0	0	19	225	140	330	1189	0	62	117	36	222	75	20207	6177	0.225	
\\Mac\Home\Documents\Steve\23-10_Manchester2_Mo\Campbell\DP2__xrf\XRF data\L000103.spe	786.00	6.21	1	0.017526	-0.012928	0.010012	0.091030	36878	3.17	0	47	152	19	9	0	182	592	4753	4574	11	69	71	61116	98	75	35	243	38	0	265	228	5044	13	775	32	0	35	142	85	322	35	0	0	0	0	186	246	111	0	154	404	1211	0	0	308	0	172	157	20861	6312	0.225	
\\Mac\Home\Documents\Steve\23-10_Manchester2_Mo\Campbell\DP2__xrf\XRF data\L000104.spe	787.00	6.21	1	0.017526	-0.012928	0.010012	0.091030	34565	3.26	0	28	144	0	5	0	200	644	5237	4573	0	26	111	57698	78	88	55	278	0	0	138	214	5293	99	756	64	6	13	149	0	573	8	0	0	0	54	112	180	0	48	152	266	1419	0	0	0	81	285	237	19648	6114	0.216	
\\Mac\Home\Documents\Steve\23-10_Manchester2_Mo\Campbell\DP2__xrf\XRF data\L000105.spe	788.00	6.21	1	0.017526	-0.012928	0.010012	0.091030	28204	2.71	0	28	115	0	19	0	205	427	3808	3092	19	25	75	46586	379	42	75	306	0	68	78	67	3857	28	720	48	0	13	137	60	391	18	0	0	7	31	12	0	76	169	27	312	432	0	0	0	0	146	179	17213	5447	0.204	
\\Mac\Home\Documents\Steve\23-10_Manchester2_Mo\Campbell\DP2__xrf\XRF data\L000106.spe	789.00	6.21	1	0.017526	-0.012928	0.010012	0.091030	34577	2.84	0	45	104	31	15	0	208	451	2739	4423	41	49	37	59979	119	46	0	215	0	0	134	227	4207	123	705	57	0	7	135	126	155	43	0	0	14	80	53	95	0	0	90	340	1370	0	0	66	0	15	0	19967	5700	0.216	
\\Mac\Home\Documents\Steve\23-10_Manchester2_Mo\Campbell\DP2__xrf\XRF data\L000107.spe	790.00	6.21	1	0.017526	-0.012928	0.010012	0.091030	34411	3.18	5	35	111	0	30	5	208	397	3343	4612	0	27	66	57072	295	95	72	335	0	0	115	292	4091	93	812	42	0	27	180	60	523	9	0	9	96	101	19	86	110	0	182	334	711	0	0	0	0	220	77	20712	5524	0.216	
\\Mac\Home\Documents\Steve\23-10_Manchester2_Mo\Campbell\DP2__xrf\XRF data\L000108.spe	791.00	6.19	1	0.017526	-0.012928	0.010012	0.091030	33657	2.69	11	35	151	9	31	0	223	523	4993	5024	47	57	112	52753	148	101	51	303	41	18	40	227	4684	101	716	44	7	5	128	48	198	84	0	78	96	0	30	141	248	0	165	296	951	0	0	11	0	207	133	20185	5973	0.213	
\\Mac\Home\Documents\Steve\23-10_Manchester2_Mo\Campbell\DP2__xrf\XRF data\L000109.spe	792.00	6.19	1	0.017526	-0.012928	0.010012	0.091030	31235	2.89	0	45	140	30	16	0	174	585	4555	3881	0	45	43	45249	63	53	60	170	0	0	110	362	5401	86	864	42	15	0	133	0	520	70	9	0	0	47	0	167	87	0	146	243	807	0	0	32	0	331	89	19407	6128	0.212	
\\Mac\Home\Documents\Steve\23-10_Manchester2_Mo\Campbell\DP2__xrf\XRF data\L000110.spe	793.00	6.17	1	0.017526	-0.012928	0.010012	0.091030	35283	2.77	38	53	118	20	53	10	169	498	4201	5967	9	36	101	55803	129	46	89	258	0	6	157	303	4976	32	677	71	0	11	109	10	52	67	0	10	0	47	17	121	33	0	172	343	1024	80	154	149	4	266	53	19857	6083	0.219	
\\Mac\Home\Documents\Steve\23-10_Manchester2_Mo\Campbell\DP2__xrf\XRF data\L000111.spe	794.00	6.19	1	0.017526	-0.012928	0.010012	0.091030	35450	3.28	0	11	96	0	33	0	207	559	3627	5932	46	38	132	59451	281	47	20	239	0	0	236	350	4192	132	879	54	0	12	123	55	378	51	0	0	0	0	82	101	54	0	17	344	887	0	0	129	0	55	22	20420	5995	0.218	
\\Mac\Home\Documents\Steve\23-10_Manchester2_Mo\Campbell\DP2__xrf\XRF data\L000112.spe	795.00	6.20	1	0.017526	-0.012928	0.010012	0.091030	35238	3.06	15	23	88	15	29	0	215	617	4033	4956	38	52	105	58776	216	51	70	280	0	0	80	185	4703	58	838	57	0	36	102	0	534	0	0	0	30	0	252	0	35	258	104	384	992	0	0	0	98	230	348	20484	6117	0.218	
\\Mac\Home\Documents\Steve\23-10_Manchester2_Mo\Campbell\DP2__xrf\XRF data\L000113.spe	796.00	6.20	1	0.017526	-0.012928	0.010012	0.091030	32572	2.98	0	18	91	0	6	0	187	438	3122	3928	67	29	97	50206	94	8	27	223	28	0	92	202	4416	44	642	25	0	28	130	123	587	50	0	0	48	0	110	0	100	108	95	240	1229	0	0	0	0	83	8	20679	5904	0.216	
\\Mac\Home\Documents\Steve\23-10_Manchester2_Mo\Campbell\DP2__xrf\XRF data\L000114.spe	797.00	6.20	1	0.017526	-0.012928	0.010012	0.091030	24773	2.61	12	21	82	0	14	0	204	341	3178	2688	35	5	61	32012	0	41	33	136	0	0	162	159	3830	14	614	34	7	0	92	0	454	34	0	61	0	44	0	19	0	31	170	139	778	0	0	20	21	160	110	17694	5326	0.202	
\\Mac\Home\Documents\Steve\23-10_Manchester2_Mo\Campbell\DP2__xrf\XRF data\L000115.spe	798.00	6.19	1	0.017526	-0.012928	0.010012	0.091030	28718	2.75	0	32	108	21	0	0	180	486	4638	3832	0	35	66	42874	328	38	111	125	0	0	87	155	4738	87	578	41	0	0	98	0	0	39	88	35	40	139	152	0	70	128	0	223	434	419	248	96	189	175	200	18448	5568	0.204	
\\Mac\Home\Documents\Steve\23-10_Manchester2_Mo\Campbell\DP2__xrf\XRF data\L000116.spe	799.00	6.19	1	0.017526	-0.012928	0.010012	0.091030	31587	3.86	0	0	157	0	0	0	192	510	5049	3500	53	28	38	48781	230	57	14	248	0	0	46	241	4984	0	641	29	6	0	127	148	881	39	0	0	44	186	66	61	0	0	106	330	785	0	0	0	0	36	80	18863	5797	0.214	
\\Mac\Home\Documents\Steve\23-10_Manchester2_Mo\Campbell\DP2__xrf\XRF data\L000117.spe	800.00	6.17	1	0.017526	-0.012928	0.010012	0.091030	32411	2.94	24	43	137	9	0	0	193	530	5056	3959	0	38	75	49915	348	71	0	205	0	0	205	165	4515	0	626	52	0	17	116	93	518	93	0	6	0	182	82	106	0	0	0	259	615	0	0	135	20	148	0	19986	5875	0.213	
\\Mac\Home\Documents\Steve\23-10_Manchester2_Mo\Campbell\DP2__xrf\XRF data\L000118.spe	801.00	6.16	1	0.017526	-0.012928	0.010012	0.091030	29492	2.57	0	26	139	0	0	0	171	591	5453	3104	11	43	90	42433	0	34	20	171	46	0	159	218	5130	0	669	67	23	8	128	8	251	32	55	55	0	22	112	102	7	0	72	239	1176	0	0	188	0	225	0	18186	5845	0.209	
\\Mac\Home\Documents\Steve\23-10_Manchester2_Mo\Campbell\DP2__xrf\XRF data\L000119.spe	802.00	6.16	1	0.017526	-0.012928	0.010012	0.091030	34114	3.06	25	51	195	6	31	0	171	527	4648	4503	43	37	94	58916	346	49	24	306	0	0	84	203	4843	62	624	45	0	28	142	78	493	111	83	0	80	142	34	15	180	63	0	289	821	0	0	0	0	102	0	19139	6001	0.214	
\\Mac\Home\Documents\Steve\23-10_Manchester2_Mo\Campbell\DP2__xrf\XRF data\L000120.spe	803.00	6.19	1	0.017526	-0.012928	0.010012	0.091030	29983	3.64	24	43	140	0	0	0	167	437	4610	3140	0	12	61	42857	233	24	28	214	0	0	214	159	4624	32	514	27	0	7	83	84	819	127	61	0	0	149	52	18	16	139	0	240	594	0	0	0	0	33	0	19475	5548	0.212	
\\Mac\Home\Documents\Steve\23-10_Manchester2_Mo\Campbell\DP2__xrf\XRF data\L000121.spe	804.00	6.18	1	0.017526	-0.012928	0.010012	0.091030	35351	2.99	0	15	93	0	30	0	183	502	3606	4424	27	48	59	56102	113	110	40	297	0	0	256	193	4530	12	865	38	9	5	162	0	321	0	0	0	0	132	80	102	37	0	182	282	1081	0	0	0	37	200	174	21640	6364	0.223	
\\Mac\Home\Documents\Steve\23-10_Manchester2_Mo\Campbell\DP2__xrf\XRF data\L000122.spe	805.00	6.19	1	0.017526	-0.012928	0.010012	0.091030	34965	2.83	17	25	119	0	13	0	168	520	2724	3861	16	40	75	55763	250	77	84	276	119	0	144	295	3600	92	723	43	13	0	138	0	0	0	34	0	129	0	119	120	150	0	97	356	873	279	353	58	79	218	119	21850	6017	0.221	
\\Mac\Home\Documents\Steve\23-10_Manchester2_Mo\Campbell\DP2__xrf\XRF data\L000123.spe	806.00	6.19	1	0.017526	-0.012928	0.010012	0.091030	36566	2.89	0	24	53	0	27	0	202	477	2756	4173	61	24	39	60505	67	63	28	225	41	0	136	132	3494	0	617	19	0	0	129	0	152	0	93	0	168	23	90	0	0	75	131	382	1313	0	33	0	58	171	0	22372	5994	0.225	
\\Mac\Home\Documents\Steve\23-10_Manchester2_Mo\Campbell\DP2__xrf\XRF data\L000124.spe	807.00	6.19	1	0.017526	-0.012928	0.010012	0.091030	38288	2.86	0	27	92	27	24	0	170	458	2386	4237	8	48	87	63422	345	62	9	225	0	0	258	309	3253	0	807	32	0	0	130	73	269	130	48	30	94	201	229	177	0	0	100	437	982	0	0	0	0	116	0	23234	6264	0.231	
\\Mac\Home\Documents\Steve\23-10_Manchester2_Mo\Campbell\DP2__xrf\XRF data\L000125.spe	808.00	6.20	1	0.017526	-0.012928	0.010012	0.091030	37286	2.70	0	25	58	0	37	0	163	426	2334	3813	26	20	81	59022	219	87	8	239	0	9	286	137	3225	40	648	49	0	0	121	37	122	39	0	0	0	27	112	30	0	156	129	379	1062	0	160	196	8	106	147	23969	6106	0.231	
\\Mac\Home\Documents\Steve\23-10_Manchester2_Mo\Campbell\DP2__xrf\XRF data\L000126.spe	809.00	6.21	1	0.017526	-0.012928	0.010012	0.091030	38854	2.77	0	49	81	0	45	7	184	497	2754	3641	44	52	79	59458	165	69	39	240	70	46	327	291	3611	97	729	35	5	0	122	88	89	17	0	0	0	0	83	232	223	0	146	334	1076	10	130	224	0	124	111	25166	6368	0.237	
\\Mac\Home\Documents\Steve\23-10_Manchester2_Mo\Campbell\DP2__xrf\XRF data\L000127.spe	810.00	6.23	1	0.017526	-0.012928	0.010012	0.091030	39138	3.01	21	33	82	0	49	0	188	360	2137	3241	10	43	99	63062	145	58	137	278	0	0	369	41	3138	94	704	10	0	0	94	0	258	0	0	0	0	171	0	0	133	275	128	341	1197	0	18	71	27	274	136	23859	6046	0.233	
\\Mac\Home\Documents\Steve\23-10_Manchester2_Mo\Campbell\DP2__xrf\XRF data\L000128.spe	811.00	6.22	1	0.017526	-0.012928	0.010012	0.091030	37511	3.14	0	7	63	0	19	0	143	331	2796	4014	18	35	79	61374	126	41	18	234	0	0	168	358	3224	12	797	40	0	22	121	0	479	0	0	0	165	99	23	226	202	0	130	388	1264	0	0	0	0	177	170	23053	5965	0.227	
\\Mac\Home\Documents\Steve\23-10_Manchester2_Mo\Campbell\DP2__xrf\XRF data\L000129.spe	812.00	6.21	1	0.017526	-0.012928	0.010012	0.091030	37673	3.00	5	16	95	0	30	0	156	476	2531	4817	93	34	75	67368	310	79	62	335	73	0	190	80	3166	44	718	20	0	8	163	42	0	96	9	0	77	0	127	16	63	123	98	461	1076	179	324	51	0	128	98	21473	5764	0.221	
\\Mac\Home\Documents\Steve\23-10_Manchester2_Mo\Campbell\DP2__xrf\XRF data\L000130.spe	813.00	6.23	1	0.017526	-0.012928	0.010012	0.091030	36290	2.94	6	30	91	0	46	0	179	430	2691	4230	4	79	87	61769	145	79	80	218	0	0	146	171	3575	97	814	31	11	11	177	0	395	93	50	38	117	73	20	0	138	273	118	391	1379	0	0	0	97	147	118	21179	5762	0.223	
\\Mac\Home\Documents\Steve\23-10_Manchester2_Mo\Campbell\DP2__xrf\XRF data\L000131.spe	814.00	6.22	1	0.017526	-0.012928	0.010012	0.091030	41172	3.37	12	0	79	14	38	0	199	564	2408	4710	0	74	91	74508	283	75	29	282	32	88	237	201	3232	0	681	47	0	23	213	67	0	0	0	0	0	14	98	28	38	81	257	385	1278	152	276	91	38	149	406	23099	6558	0.234	
\\Mac\Home\Documents\Steve\23-10_Manchester2_Mo\Campbell\DP2__xrf\XRF data\L000132.spe	815.00	6.23	1	0.017526	-0.012928	0.010012	0.091030	39701	3.20	0	35	106	0	20	0	195	508	2157	4117	0	108	32	71994	265	84	50	285	26	0	209	24	2847	156	832	32	0	20	131	32	527	29	32	0	0	89	13	25	129	135	96	480	1495	0	0	0	0	122	81	22599	6031	0.230	
\\Mac\Home\Documents\Steve\23-10_Manchester2_Mo\Campbell\DP2__xrf\XRF data\L000133.spe	816.00	6.22	1	0.017526	-0.012928	0.010012	0.091030	40475	3.06	0	40	70	9	28	0	194	411	1939	3411	0	27	45	71395	208	66	0	322	62	0	184	272	3254	36	732	34	0	19	85	68	232	20	107	159	154	43	32	198	174	0	149	455	1556	0	0	0	0	92	0	22687	6025	0.234	
\\Mac\Home\Documents\Steve\23-10_Manchester2_Mo\Campbell\DP2__xrf\XRF data\L000134.spe	817.00	6.23	1	0.017526	-0.012928	0.010012	0.091030	41287	3.53	7	20	92	18	25	0	144	488	2213	4830	0	100	76	79647	372	118	120	320	38	5	121	93	2814	91	673	6	0	0	225	0	29	0	0	0	5	0	0	0	204	177	196	498	1101	21	198	76	143	333	258	22076	5857	0.230	
\\Mac\Home\Documents\Steve\23-10_Manchester2_Mo\Campbell\DP2__xrf\XRF data\L000135.spe	818.00	6.21	1	0.017526	-0.012928	0.010012	0.091030	39753	3.57	25	41	91	20	33	0	182	537	2356	4414	24	0	80	64945	518	56	52	304	0	0	190	201	3307	110	905	43	0	7	145	0	761	55	0	0	0	35	26	100	175	24	0	413	955	0	0	0	56	246	182	23970	6580	0.236	
\\Mac\Home\Documents\Steve\23-10_Manchester2_Mo\Campbell\DP2__xrf\XRF data\L000136.spe	819.00	6.22	1	0.017526	-0.012928	0.010012	0.091030	40197	3.31	19	54	111	6	41	0	173	515	2063	4217	0	8	109	64978	209	49	94	284	0	0	363	103	2691	109	623	36	0	0	177	56	602	80	0	0	43	53	111	33	0	287	214	354	1217	0	0	0	0	205	174	24748	6048	0.236	
\\Mac\Home\Documents\Steve\23-10_Manchester2_Mo\Campbell\DP2__xrf\XRF data\L000137.spe	820.00	6.23	1	0.017526	-0.012928	0.010012	0.091030	38094	2.91	0	16	86	0	24	0	166	585	2601	4132	0	52	112	62141	219	84	121	350	0	68	421	165	3108	148	642	28	0	15	125	28	84	56	0	57	0	4	0	0	146	88	193	335	1259	32	55	95	163	176	324	23058	6215	0.230	
\\Mac\Home\Documents\Steve\23-10_Manchester2_Mo\Campbell\DP2__xrf\XRF data\L000138.spe	821.00	6.22	1	0.017526	-0.012928	0.010012	0.091030	38004	3.14	0	17	81	0	14	11	161	509	2741	4435	10	50	67	60815	110	41	42	321	0	105	277	188	3299	0	759	49	0	8	181	0	0	22	0	121	0	58	61	33	113	59	87	382	1553	590	443	233	132	231	255	23200	6240	0.232	
\\Mac\Home\Documents\Steve\23-10_Manchester2_Mo\Campbell\DP2__xrf\XRF data\L000139.spe	822.00	6.21	1	0.017526	-0.012928	0.010012	0.091030	40610	2.83	35	50	70	4	23	0	140	570	2452	4845	17	8	99	65196	132	55	32	260	0	30	276	163	3191	100	936	8	0	30	131	0	8	64	0	0	0	0	37	30	54	75	148	462	1366	47	111	148	90	228	195	24325	6340	0.238	
\\Mac\Home\Documents\Steve\23-10_Manchester2_Mo\Campbell\DP2__xrf\XRF data\L000140.spe	823.00	6.21	1	0.017526	-0.012928	0.010012	0.091030	40199	5.03	0	17	81	4	46	0	185	584	2494	4890	39	26	90	61760	336	65	27	283	0	0	281	40	3327	199	864	33	0	19	178	78	1388	44	0	0	0	114	209	0	0	281	60	406	1162	0	0	0	0	112	92	24699	6429	0.238	
\\Mac\Home\Documents\Steve\23-10_Manchester2_Mo\Campbell\DP2__xrf\XRF data\L000141.spe	824.00	6.22	1	0.017526	-0.012928	0.010012	0.091030	39842	2.71	15	43	76	8	28	13	162	559	2281	4334	0	25	86	60192	102	87	11	245	41	11	317	395	2998	0	936	46	0	0	209	194	0	78	0	0	0	0	14	42	84	0	91	291	1402	257	290	290	0	0	137	25492	6550	0.239	
\\Mac\Home\Documents\Steve\23-10_Manchester2_Mo\Campbell\DP2__xrf\XRF data\L000142.spe	825.00	6.23	1	0.017526	-0.012928	0.010012	0.091030	40880	2.90	17	30	102	0	36	0	173	588	2457	4517	47	9	117	59573	125	51	13	305	0	50	310	171	3225	164	938	34	0	24	136	177	360	93	0	0	51	23	77	77	0	0	125	343	1129	0	0	0	0	63	270	26606	7114	0.246	
\\Mac\Home\Documents\Steve\23-10_Manchester2_Mo\Campbell\DP2__xrf\XRF data\L000143.spe	826.00	6.22	1	0.017526	-0.012928	0.010012	0.091030	42753	3.42	5	54	92	0	45	0	168	574	2325	4666	31	44	115	59757	494	48	61	351	9	0	256	168	3053	67	871	42	0	7	162	155	738	99	285	0	49	69	0	72	151	227	0	457	861	0	0	0	0	147	0	28706	6869	0.253	
\\Mac\Home\Documents\Steve\23-10_Manchester2_Mo\Campbell\DP2__xrf\XRF data\L000144.spe	827.00	6.22	1	0.017526	-0.012928	0.010012	0.091030	42906	3.28	23	41	108	14	47	11	168	534	2482	4860	100	30	98	62356	430	116	108	289	35	39	419	240	2937	60	691	45	0	22	144	0	0	0	0	0	0	51	0	45	138	14	78	403	902	655	711	504	233	319	324	28354	6510	0.250	
\\Mac\Home\Documents\Steve\23-10_Manchester2_Mo\Campbell\DP2__xrf\XRF data\L000145.spe	828.00	6.21	1	0.017526	-0.012928	0.010012	0.091030	41014	2.99	22	28	83	0	13	0	153	509	2524	3911	69	0	79	58006	0	87	74	339	0	0	152	248	3306	110	813	22	0	0	110	0	649	67	0	0	272	45	158	52	68	0	137	349	1659	0	0	0	85	217	93	27200	6888	0.248	
\\Mac\Home\Documents\Steve\23-10_Manchester2_Mo\Campbell\DP2__xrf\XRF data\L000146.spe	829.00	6.20	1	0.017526	-0.012928	0.010012	0.091030	43296	2.90	0	18	77	0	27	0	143	584	2208	5074	31	35	84	61225	96	71	21	301	12	0	189	339	3300	124	1008	44	0	18	128	89	81	67	155	0	177	60	45	123	54	0	220	350	1339	50	187	0	0	112	0	28620	7074	0.253	
\\Mac\Home\Documents\Steve\23-10_Manchester2_Mo\Campbell\DP2__xrf\XRF data\L000147.spe	830.00	6.19	1	0.017526	-0.012928	0.010012	0.091030	44408	2.78	39	28	76	0	19	0	155	518	2408	4716	10	0	127	57794	193	93	39	315	0	42	406	389	3173	102	992	46	0	0	109	94	299	76	0	0	0	132	115	55	0	0	184	296	1111	0	0	45	0	92	228	30052	7214	0.260	
\\Mac\Home\Documents\Steve\23-10_Manchester2_Mo\Campbell\DP2__xrf\XRF data\L000148.spe	831.00	6.18	1	0.017526	-0.012928	0.010012	0.091030	44003	3.13	6	45	119	0	42	0	163	666	2599	4984	60	59	175	60121	266	80	55	305	7	0	419	176	3177	68	946	73	0	28	147	124	739	83	97	0	0	0	110	77	82	42	0	427	1202	0	0	0	27	50	0	29659	7134	0.253	
\\Mac\Home\Documents\Steve\23-10_Manchester2_Mo\Campbell\DP2__xrf\XRF data\L000149.spe	832.00	6.17	1	0.017526	-0.012928	0.010012	0.091030	37825	3.03	14	17	116	0	74	0	199	712	3345	4940	0	28	147	63322	183	24	84	325	0	0	409	220	3303	255	818	37	0	0	170	4	361	98	0	0	0	34	226	104	6	0	223	260	1005	0	0	313	18	164	123	22122	5736	0.226	
\\Mac\Home\Documents\Steve\23-10_Manchester2_Mo\Campbell\DP2__xrf\XRF data\L000150.spe	833.00	6.15	1	0.017526	-0.012928	0.010012	0.091030	30541	2.98	5	21	141	0	78	0	150	519	5331	4353	8	73	35	45314	0	24	18	221	14	0	71	292	4678	201	827	34	27	0	142	0	548	21	164	11	0	0	0	53	163	0	84	227	976	0	0	0	0	157	0	18676	5987	0.213	
\\Mac\Home\Documents\Steve\23-10_Manchester2_Mo\Campbell\DP2__xrf\XRF data\L000151.spe	834.00	6.12	1	0.017526	-0.012928	0.010012	0.091030	37405	3.23	15	69	192	0	8	0	138	689	4786	4186	52	41	55	61152	6	50	50	241	43	5	175	342	4820	89	1062	31	0	7	164	0	417	65	0	0	0	16	198	108	119	0	183	311	1415	0	0	0	19	187	31	21627	6262	0.232	
\\Mac\Home\Documents\Steve\23-10_Manchester2_Mo\Campbell\DP2__xrf\XRF data\L000152.spe	835.00	6.14	1	0.017526	-0.012928	0.010012	0.091030	36767	2.82	0	45	141	8	32	0	155	630	3704	4748	48	79	116	53713	224	97	71	339	0	0	61	123	4511	54	1052	47	0	0	154	115	405	7	0	87	74	91	65	77	19	95	124	278	953	0	0	0	0	156	175	22900	6591	0.233	
\\Mac\Home\Documents\Steve\23-10_Manchester2_Mo\Campbell\DP2__xrf\XRF data\L000153.spe	836.00	6.14	1	0.017526	-0.012928	0.010012	0.091030	42416	3.10	5	28	110	23	112	0	126	683	3858	5060	25	0	71	62741	210	30	94	312	0	0	365	137	4518	20	904	47	0	13	149	15	0	41	96	224	0	107	70	213	84	17	131	387	1063	206	39	320	16	113	104	26166	6953	0.247	
\\Mac\Home\Documents\Steve\23-10_Manchester2_Mo\Campbell\DP2__xrf\XRF data\L000154.spe	837.00	6.15	1	0.017526	-0.012928	0.010012	0.091030	38446	3.14	19	50	97	12	106	0	138	571	3872	4209	74	0	66	52025	203	64	45	307	0	0	317	201	4009	165	979	33	8	0	116	96	594	77	25	0	0	62	147	0	60	39	104	277	1013	0	0	54	0	60	60	25796	6743	0.241	
\\Mac\Home\Documents\Steve\23-10_Manchester2_Mo\Campbell\DP2__xrf\XRF data\L000155.spe	838.00	6.15	1	0.017526	-0.012928	0.010012	0.091030	34375	3.47	0	36	86	0	67	0	160	444	3224	3703	0	0	80	44883	357	21	48	263	52	0	311	186	3615	69	817	16	0	0	117	0	847	95	137	0	0	17	0	54	116	182	0	282	481	0	0	0	41	120	0	24336	6135	0.233	
\\Mac\Home\Documents\Steve\23-10_Manchester2_Mo\Campbell\DP2__xrf\XRF data\L000156.spe	839.00	6.12	1	0.017526	-0.012928	0.010012	0.091030	33309	2.44	13	0	76	0	50	0	155	423	2310	3490	32	48	85	43826	278	85	0	225	11	39	162	166	3288	63	881	34	0	0	121	115	186	61	0	19	77	0	27	85	49	19	32	253	667	0	0	0	0	6	94	23471	6247	0.233	
\\Mac\Home\Documents\Steve\23-10_Manchester2_Mo\Campbell\DP2__xrf\XRF data\L000157.spe	840.00	6.09	1	0.017526	-0.012928	0.010012	0.091030	40933	3.78	8	28	127	6	91	0	131	526	3603	4441	35	51	124	58544	255	97	50	363	0	0	266	280	3610	0	1163	33	8	0	186	86	937	73	135	0	167	156	12	41	128	0	165	394	1062	0	0	0	0	143	0	26053	6377	0.245	
\\Mac\Home\Documents\Steve\23-10_Manchester2_Mo\Campbell\DP2__xrf\XRF data\L000158.spe	841.00	6.13	1	0.017526	-0.012928	0.010012	0.091030	39876	3.43	0	11	106	0	188	0	154	522	4475	4637	24	81	150	64763	295	86	39	289	0	0	178	175	3654	116	860	51	0	0	139	61	601	41	0	0	25	52	0	0	77	40	143	357	994	0	0	0	0	160	238	23726	6405	0.233	
\\Mac\Home\Documents\Steve\23-10_Manchester2_Mo\Campbell\DP2__xrf\XRF data\L000159.spe	842.00	6.14	1	0.017526	-0.012928	0.010012	0.091030	34217	2.94	0	31	174	0	94	13	198	729	4359	4514	34	80	88	55253	135	63	48	217	0	67	111	268	3869	73	951	74	16	13	162	0	0	0	4	0	0	39	123	200	70	0	160	326	982	165	280	97	90	286	125	20458	6131	0.217	
\\Mac\Home\Documents\Steve\23-10_Manchester2_Mo\Campbell\DP2__xrf\XRF data\L000160.spe	843.00	6.10	1	0.017526	-0.012928	0.010012	0.091030	31438	3.27	0	36	189	0	85	0	127	527	5623	4735	0	0	85	52963	11	98	59	315	0	42	130	86	4348	115	1028	30	20	0	124	42	0	21	4	75	0	132	104	42	28	200	181	280	1387	771	394	295	0	187	0	16914	5787	0.206	
\\Mac\Home\Documents\Steve\23-10_Manchester2_Mo\Campbell\DP2__xrf\XRF data\L000161.spe	844.00	6.12	1	0.017526	-0.012928	0.010012	0.091030	29216	2.81	14	37	139	0	58	0	139	492	4921	3359	0	0	78	43755	0	26	37	207	0	0	167	234	4175	9	922	29	0	10	91	28	478	44	47	97	0	81	42	64	0	0	149	216	1204	0	0	9	12	166	21	17695	5678	0.206	
\\Mac\Home\Documents\Steve\23-10_Manchester2_Mo\Campbell\DP2__xrf\XRF data\L000162.spe	845.00	6.16	1	0.017526	-0.012928	0.010012	0.091030	34839	3.06	0	48	89	7	231	0	102	422	5962	3288	12	20	65	62981	235	48	96	276	0	0	217	103	4115	178	903	27	14	0	107	0	0	52	0	0	0	108	126	0	55	150	131	387	1110	253	193	286	116	118	82	19055	5773	0.214	
\\Mac\Home\Documents\Steve\23-10_Manchester2_Mo\Campbell\DP2__xrf\XRF data\L000163.spe	846.00	6.18	1	0.017526	-0.012928	0.010012	0.091030	38105	2.92	0	15	66	11	231	0	150	469	5316	4969	14	46	98	62472	371	79	0	226	0	0	166	143	3851	0	850	69	0	5	177	265	0	105	0	18	6	115	119	55	13	74	91	349	902	362	123	77	0	0	123	21426	6142	0.227	
\\Mac\Home\Documents\Steve\23-10_Manchester2_Mo\Campbell\DP2__xrf\XRF data\L000164.spe	847.00	6.22	1	0.017526	-0.012928	0.010012	0.091030	37528	3.04	0	13	96	0	39	0	152	501	3866	5803	0	48	83	59453	226	37	18	237	0	57	237	201	3816	89	909	19	0	0	165	143	55	69	5	0	0	37	159	132	41	71	105	380	1093	277	270	128	0	37	0	23220	6401	0.231	
\\Mac\Home\Documents\Steve\23-10_Manchester2_Mo\Campbell\DP2__xrf\XRF data\L000165.spe	848.00	6.22	1	0.017526	-0.012928	0.010012	0.091030	37389	3.10	0	31	101	0	65	0	156	492	3301	3668	0	50	93	56732	175	42	0	242	83	0	258	184	3705	9	826	46	27	10	156	95	558	34	0	0	0	0	8	0	0	0	130	391	1251	0	0	0	0	38	44	24126	6331	0.234	
\\Mac\Home\Documents\Steve\23-10_Manchester2_Mo\Campbell\DP2__xrf\XRF data\L000166.spe	849.00	6.23	1	0.017526	-0.012928	0.010012	0.091030	39057	2.86	0	40	84	0	127	0	140	452	3340	4129	49	15	105	59152	170	74	46	257	6	0	288	155	3051	27	640	40	0	8	134	133	376	88	0	0	16	107	97	0	30	162	185	385	1178	0	0	41	0	140	87	24889	6261	0.238	
\\Mac\Home\Documents\Steve\23-10_Manchester2_Mo\Campbell\DP2__xrf\XRF data\L000167.spe	850.00	6.24	1	0.017526	-0.012928	0.010012	0.091030	38754	3.01	0	25	31	0	51	0	157	424	2109	3616	10	60	75	58045	222	69	40	203	8	46	330	172	2860	67	725	24	0	0	123	9	0	27	0	57	0	32	0	108	0	0	121	299	1238	647	557	224	24	203	261	25461	6298	0.238	
\\Mac\Home\Documents\Steve\23-10_Manchester2_Mo\Campbell\DP2__xrf\XRF data\L000168.spe	851.00	6.25	1	0.017526	-0.012928	0.010012	0.091030	39755	3.05	0	48	57	15	55	0	196	401	2523	3899	58	58	83	64218	175	67	35	289	20	53	199	323	2959	79	879	41	0	38	181	99	408	67	0	0	0	0	56	0	213	135	208	342	1303	0	0	88	0	121	193	24608	6210	0.238	
\\Mac\Home\Documents\Steve\23-10_Manchester2_Mo\Campbell\DP2__xrf\XRF data\L000169.spe	852.00	6.25	1	0.017526	-0.012928	0.010012	0.091030	38080	3.68	5	8	80	0	256	0	196	412	5909	3724	91	21	100	54823	249	43	71	238	0	0	168	75	3334	146	722	55	10	0	129	0	862	0	0	0	76	35	111	22	0	187	88	283	1048	0	0	0	0	224	136	24660	6672	0.237	
\\Mac\Home\Documents\Steve\23-10_Manchester2_Mo\Campbell\DP2__xrf\XRF data\L000170.spe	853.00	6.27	1	0.017526	-0.012928	0.010012	0.091030	39181	3.49	0	15	82	0	214	0	169	478	6605	3754	17	16	81	54884	222	29	8	231	0	0	297	167	3362	151	843	64	0	0	98	180	701	4	0	0	0	6	120	18	55	0	0	390	1121	0	0	0	0	64	65	25488	6859	0.239	
\\Mac\Home\Documents\Steve\23-10_Manchester2_Mo\Campbell\DP2__xrf\XRF data\L000171.spe	854.00	6.28	1	0.017526	-0.012928	0.010012	0.091030	40356	3.33	6	21	63	13	70	0	168	423	3066	3942	0	49	51	61183	215	59	55	287	0	0	444	261	3269	84	702	42	19	0	135	0	717	29	0	0	0	133	109	100	98	0	129	460	1169	0	0	20	74	256	64	25910	6398	0.241	
\\Mac\Home\Documents\Steve\23-10_Manchester2_Mo\Campbell\DP2__xrf\XRF data\L000172.spe	855.00	6.28	1	0.017526	-0.012928	0.010012	0.091030	39757	2.76	0	12	84	7	31	0	197	383	2098	3834	75	16	104	60033	136	94	97	242	0	0	280	129	3129	13	704	50	0	7	150	0	201	4	101	40	0	21	0	0	69	7	88	340	1323	0	4	9	47	192	31	25538	6497	0.242	
\\Mac\Home\Documents\Steve\23-10_Manchester2_Mo\Campbell\DP2__xrf\XRF data\L000173.spe	856.00	6.26	1	0.017526	-0.012928	0.010012	0.091030	39995	2.91	20	13	79	22	118	0	184	477	3527	3686	7	18	88	57436	80	50	5	298	117	0	134	196	3313	177	915	14	0	0	145	136	453	141	188	129	232	0	137	0	168	106	160	319	1225	0	0	0	0	76	0	26443	6759	0.245	
\\Mac\Home\Documents\Steve\23-10_Manchester2_Mo\Campbell\DP2__xrf\XRF data\L000174.spe	857.00	6.28	1	0.017526	-0.012928	0.010012	0.091030	40326	3.12	8	31	82	0	106	0	185	422	3096	3883	21	0	75	56705	182	55	21	252	0	0	334	191	3159	0	781	28	0	8	144	0	730	27	110	0	0	77	0	68	170	0	78	328	1228	0	0	0	160	163	0	26805	6739	0.246	
\\Mac\Home\Documents\Steve\23-10_Manchester2_Mo\Campbell\DP2__xrf\XRF data\L000175.spe	858.00	6.28	1	0.017526	-0.012928	0.010012	0.091030	41622	3.04	9	31	87	32	98	0	212	472	3686	4284	21	75	106	58666	59	37	0	294	0	57	337	46	3445	159	806	68	0	34	127	63	0	23	0	10	7	83	59	81	43	170	110	371	1423	262	306	92	41	122	40	27710	6991	0.250	
\\Mac\Home\Documents\Steve\23-10_Manchester2_Mo\Campbell\DP2__xrf\XRF data\L000176.spe	859.00	6.25	1	0.017526	-0.012928	0.010012	0.091030	42489	2.91	0	25	74	9	41	0	156	437	2117	5703	27	14	80	61567	292	103	0	322	0	38	404	229	3274	119	914	32	0	0	142	158	265	28	0	0	0	143	194	35	0	0	106	350	851	0	88	23	0	30	117	28016	6658	0.249	
\\Mac\Home\Documents\Steve\23-10_Manchester2_Mo\Campbell\DP2__xrf\XRF data\L000177.spe	860.00	6.24	1	0.017526	-0.012928	0.010012	0.091030	40347	2.73	0	9	72	0	31	0	182	393	2697	3478	22	45	114	56311	447	101	25	255	0	0	660	240	3172	165	633	41	0	0	81	299	555	14	0	0	162	124	137	73	0	28	18	339	805	0	0	0	0	0	0	27867	6613	0.244	
\\Mac\Home\Documents\Steve\23-10_Manchester2_Mo\Campbell\DP2__xrf\XRF data\L000178.spe	861.00	6.25	1	0.017526	-0.012928	0.010012	0.091030	36818	2.52	25	32	88	0	35	0	169	466	3178	3470	37	37	103	54839	72	55	46	289	0	0	382	67	4024	77	754	27	0	0	82	34	289	69	0	11	0	0	0	0	83	200	112	279	1281	0	0	129	34	143	161	23472	6215	0.231	
\\Mac\Home\Documents\Steve\23-10_Manchester2_Mo\Campbell\DP2__xrf\XRF data\L000179.spe	862.00	6.22	1	0.017526	-0.012928	0.010012	0.091030	36369	2.90	9	49	69	14	58	0	166	517	3289	4110	0	41	113	53206	275	67	0	295	0	0	364	177	3953	142	902	60	0	0	131	90	224	42	0	0	0	11	4	180	85	0	98	364	891	0	0	363	10	167	137	23060	6423	0.230	
\\Mac\Home\Documents\Steve\23-10_Manchester2_Mo\Campbell\DP2__xrf\XRF data\L000180.spe	863.00	6.20	1	0.017526	-0.012928	0.010012	0.091030	40831	3.03	0	19	67	0	54	0	152	562	3616	4528	60	21	116	63823	259	67	40	297	11	62	162	159	3750	76	1001	29	0	10	178	0	0	0	0	82	0	32	175	0	0	338	204	312	1013	175	255	49	193	298	145	24822	6858	0.241	
\\Mac\Home\Documents\Steve\23-10_Manchester2_Mo\Campbell\DP2__xrf\XRF data\L000181.spe	864.00	6.19	1	0.017526	-0.012928	0.010012	0.091030	39478	3.58	9	34	84	0	32	0	144	482	3501	4411	58	22	108	60801	138	11	46	269	0	0	254	327	3491	164	838	32	0	7	158	0	815	57	0	0	117	107	184	263	0	0	168	313	1081	0	0	0	0	138	178	24848	6449	0.238	
\\Mac\Home\Documents\Steve\23-10_Manchester2_Mo\Campbell\DP2__xrf\XRF data\L000182.spe	865.00	6.18	1	0.017526	-0.012928	0.010012	0.091030	38448	3.10	14	37	100	8	45	0	160	456	3260	3829	26	27	83	57297	257	77	0	249	5	0	126	289	3955	79	917	40	0	16	93	241	595	26	0	0	63	0	178	0	57	0	60	307	934	0	0	0	0	0	136	24642	6598	0.237	
\\Mac\Home\Documents\Steve\23-10_Manchester2_Mo\Campbell\DP2__xrf\XRF data\L000183.spe	866.00	6.17	1	0.017526	-0.012928	0.010012	0.091030	38627	2.83	10	60	155	24	24	0	158	495	4371	4287	32	19	151	58146	229	100	29	332	0	0	224	191	4364	67	771	43	10	0	148	112	344	115	0	54	0	74	128	0	57	107	126	250	1031	0	0	75	0	149	78	23547	6720	0.234	
\\Mac\Home\Documents\Steve\23-10_Manchester2_Mo\Campbell\DP2__xrf\XRF data\L000184.spe	867.00	6.18	1	0.017526	-0.012928	0.010012	0.091030	39428	2.83	0	36	121	0	74	0	172	554	3339	4665	44	59	101	66595	346	75	27	281	32	112	33	304	3978	38	998	48	0	20	159	82	0	30	0	0	302	0	101	48	0	0	130	390	870	73	270	0	0	173	232	22440	6222	0.231	
\\Mac\Home\Documents\Steve\23-10_Manchester2_Mo\Campbell\DP2__xrf\XRF data\L000185.spe	868.00	6.14	1	0.017526	-0.012928	0.010012	0.091030	36420	2.82	7	20	119	20	44	0	145	595	3948	4590	31	56	104	58597	157	54	70	304	0	0	53	234	4121	0	1017	49	0	24	155	0	361	0	0	26	0	44	66	35	0	16	209	325	1031	0	0	0	190	370	193	21043	6307	0.226	
\\Mac\Home\Documents\Steve\23-10_Manchester2_Mo\Campbell\DP2__xrf\XRF data\L000186.spe	869.00	6.13	1	0.017526	-0.012928	0.010012	0.091030	33931	2.74	0	32	129	0	21	0	163	641	3891	3718	0	33	122	48393	231	42	84	225	0	0	0	416	4570	133	1025	34	0	18	142	45	562	87	42	0	152	39	119	87	46	0	101	271	675	0	0	0	8	122	10	21210	6340	0.225	
\\Mac\Home\Documents\Steve\23-10_Manchester2_Mo\Campbell\DP2__xrf\XRF data\L000187.spe	870.00	6.15	1	0.017526	-0.012928	0.010012	0.091030	34185	2.56	11	21	68	9	33	0	127	584	3049	3400	41	17	88	47973	155	92	0	223	14	0	264	335	4089	30	1063	48	0	19	73	19	336	120	43	0	0	0	50	69	0	62	25	299	1006	0	0	110	31	104	53	21961	6464	0.227	
\\Mac\Home\Documents\Steve\23-10_Manchester2_Mo\Campbell\DP2__xrf\XRF data\L000188.spe	871.00	6.16	1	0.017526	-0.012928	0.010012	0.091030	36969	2.63	0	41	69	16	37	0	150	496	2025	3361	0	21	121	52640	243	95	37	306	0	7	401	282	3353	199	1017	24	0	0	147	123	421	20	0	0	43	120	92	203	63	0	81	288	891	0	0	9	0	93	140	25285	6636	0.236	
\\Mac\Home\Documents\Steve\23-10_Manchester2_Mo\Campbell\DP2__xrf\XRF data\L000189.spe	872.00	6.13	1	0.017526	-0.012928	0.010012	0.091030	39284	2.76	13	28	79	17	36	0	103	511	2478	3721	68	17	105	57253	288	79	0	322	30	54	497	165	3324	144	936	23	0	21	134	258	296	85	0	0	0	21	124	0	0	102	80	433	929	0	41	185	0	0	0	25582	6606	0.240	
\\Mac\Home\Documents\Steve\23-10_Manchester2_Mo\Campbell\DP2__xrf\XRF data\L000190.spe	873.00	6.16	1	0.017526	-0.012928	0.010012	0.091030	37438	2.76	0	35	109	30	51	0	120	554	2659	4360	17	14	123	61582	101	77	82	343	12	0	428	173	2915	83	789	44	0	9	113	53	208	27	0	0	0	51	58	201	87	0	179	331	1202	0	0	284	0	184	141	23170	5954	0.230	
\\Mac\Home\Documents\Steve\23-10_Manchester2_Mo\Campbell\DP2__xrf\XRF data\L000191.spe	874.00	6.19	1	0.017526	-0.012928	0.010012	0.091030	36970	3.30	7	28	118	39	70	0	140	487	4371	3645	0	47	61	61785	450	70	40	256	0	0	263	270	4164	145	749	0	0	4	194	26	547	32	0	0	0	100	122	149	138	0	46	373	767	0	0	57	42	191	194	22021	6080	0.229	
\\Mac\Home\Documents\Steve\23-10_Manchester2_Mo\Campbell\DP2__xrf\XRF data\L000192.spe	875.00	6.21	1	0.017526	-0.012928	0.010012	0.091030	33509	3.44	0	42	84	8	48	0	137	349	3166	3780	19	58	41	58494	216	42	8	236	25	0	225	200	4117	160	904	31	0	0	173	9	704	68	231	46	0	51	41	0	101	26	106	361	998	0	0	33	17	88	0	19470	5737	0.218	
\\Mac\Home\Documents\Steve\23-10_Manchester2_Mo\Campbell\DP2__xrf\XRF data\L000193.spe	876.00	6.21	1	0.017526	-0.012928	0.010012	0.091030	33850	4.46	0	19	133	19	37	0	131	581	4535	4439	0	80	110	63773	358	48	46	289	16	0	113	190	4042	69	683	26	0	0	160	23	962	28	0	0	0	0	34	0	119	63	24	518	820	0	0	0	0	117	75	18257	5406	0.207	
\\Mac\Home\Documents\Steve\23-10_Manchester2_Mo\Campbell\DP2__xrf\XRF data\L000194.spe	877.00	6.24	1	0.017526	-0.012928	0.010012	0.091030	33072	3.49	30	22	109	15	69	0	165	463	3472	3729	13	64	119	59717	211	73	0	277	0	0	146	152	3702	86	740	39	0	19	153	220	630	15	0	0	63	39	65	0	0	169	61	392	1238	0	0	0	0	84	167	18974	5644	0.208	
\\Mac\Home\Documents\Steve\23-10_Manchester2_Mo\Campbell\DP2__xrf\XRF data\L000195.spe	878.00	6.21	1	0.017526	-0.012928	0.010012	0.091030	38707	3.29	0	66	109	7	64	13	150	581	3916	4462	0	56	95	71865	214	57	61	375	51	0	106	83	3983	0	837	48	0	26	146	0	0	34	0	0	0	0	41	0	201	114	216	367	1193	163	290	99	78	286	205	20557	5938	0.223	
\\Mac\Home\Documents\Steve\23-10_Manchester2_Mo\Campbell\DP2__xrf\XRF data\L000196.spe	879.00	6.23	1	0.017526	-0.012928	0.010012	0.091030	36915	3.10	0	45	83	15	58	0	119	451	3016	4104	63	40	85	72224	342	97	0	372	0	0	308	0	3214	119	727	43	10	0	124	143	252	23	0	0	0	56	61	0	126	275	127	472	1172	0	0	298	0	109	65	19068	5514	0.216	
\\Mac\Home\Documents\Steve\23-10_Manchester2_Mo\Campbell\DP2__xrf\XRF data\L000197.spe	880.00	6.24	1	0.017526	-0.012928	0.010012	0.091030	36894	3.49	0	0	86	0	49	0	165	483	2485	3997	31	45	102	67972	226	72	46	316	0	0	237	132	3304	132	717	61	0	0	190	49	568	36	0	0	0	93	81	32	120	254	127	413	1134	0	0	0	0	135	223	21028	5723	0.221	
\\Mac\Home\Documents\Steve\23-10_Manchester2_Mo\Campbell\DP2__xrf\XRF data\L000198.spe	881.00	6.26	1	0.017526	-0.012928	0.010012	0.091030	39121	3.28	5	24	81	8	38	9	145	523	3270	4265	33	74	104	69202	549	66	7	358	0	0	98	223	3691	141	804	36	0	12	121	139	472	23	0	0	12	59	150	73	115	0	21	502	897	0	0	0	0	138	181	22108	5943	0.230	
\\Mac\Home\Documents\Steve\23-10_Manchester2_Mo\Campbell\DP2__xrf\XRF data\L000199.spe	882.00	6.25	1	0.017526	-0.012928	0.010012	0.091030	39212	3.28	0	47	89	0	95	0	157	466	3497	4221	38	24	129	71048	356	62	0	368	100	71	111	249	3286	94	812	27	0	0	129	291	259	69	0	10	0	72	122	123	108	0	72	439	1312	0	0	0	0	0	155	22220	6192	0.230	
\\Mac\Home\Documents\Steve\23-10_Manchester2_Mo\Campbell\DP2__xrf\XRF data\L000200.spe	883.00	6.26	1	0.017526	-0.012928	0.010012	0.091030	38970	3.39	19	34	124	26	67	0	176	521	4149	3801	57	58	135	67507	342	43	76	273	0	0	232	71	3800	91	869	64	0	0	146	19	669	72	39	0	33	75	43	39	5	211	78	468	842	0	0	0	0	85	137	22141	6199	0.230	
\\Mac\Home\Documents\Steve\23-10_Manchester2_Mo\Campbell\DP2__xrf\XRF data\L000201.spe	884.00	6.26	1	0.017526	-0.012928	0.010012	0.091030	39258	3.01	0	39	67	18	89	0	121	431	3623	4011	11	36	80	63679	230	80	82	326	0	42	192	340	3564	85	811	44	0	6	139	0	367	61	0	0	0	73	149	246	31	0	106	382	1181	0	0	124	58	154	230	23523	6405	0.234	
\\Mac\Home\Documents\Steve\23-10_Manchester2_Mo\Campbell\DP2__xrf\XRF data\L000202.spe	885.00	6.28	1	0.017526	-0.012928	0.010012	0.091030	41947	3.45	15	21	121	27	23	17	154	624	2737	4415	0	39	109	74091	257	81	7	355	0	92	280	300	3545	121	925	30	0	0	201	120	136	30	0	8	0	0	0	132	174	0	176	514	1136	0	57	151	0	149	353	23747	6383	0.239	
\\Mac\Home\Documents\Steve\23-10_Manchester2_Mo\Campbell\DP2__xrf\XRF data\L000203.spe	886.00	6.30	1	0.017526	-0.012928	0.010012	0.091030	40045	3.75	0	23	63	9	20	188	184	437	2282	3890	19	45	114	67285	248	51	41	272	0	0	138	126	3430	122	824	20	0	5	211	78	886	9	39	0	179	60	0	12	60	53	150	432	1335	0	0	0	0	108	48	23696	6176	0.235	
\\Mac\Home\Documents\Steve\23-10_Manchester2_Mo\Campbell\DP2__xrf\XRF data\L000204.spe	887.00	6.31	1	0.017526	-0.012928	0.010012	0.091030	40143	2.96	5	34	71	0	79	474	154	401	2484	3584	92	0	136	67159	260	105	17	264	0	22	201	209	3318	141	695	54	0	22	78	34	162	6	41	0	104	124	75	82	90	32	79	399	1242	0	173	64	32	167	42	23692	6405	0.235	
\\Mac\Home\Documents\Steve\23-10_Manchester2_Mo\Campbell\DP2__xrf\XRF data\L000205.spe	888.00	6.33	1	0.017526	-0.012928	0.010012	0.091030	39038	2.87	0	43	44	11	60	689	156	454	3451	3653	27	48	109	63629	247	88	77	349	0	0	315	268	3599	58	870	23	0	9	135	66	0	33	0	0	0	140	224	28	64	0	33	372	1234	573	429	305	32	157	256	23760	6248	0.231	
\\Mac\Home\Documents\Steve\23-10_Manchester2_Mo\Campbell\DP2__xrf\XRF data\L000206.spe	889.00	6.33	1	0.017526	-0.012928	0.010012	0.091030	37185	3.24	0	17	85	0	43	788	159	544	3766	4228	31	27	80	58475	28	21	16	316	10	0	182	130	3745	0	724	20	0	9	100	54	642	47	0	66	0	57	173	21	0	115	209	264	1285	0	0	0	0	69	77	22385	6043	0.229	
\\Mac\Home\Documents\Steve\23-10_Manchester2_Mo\Campbell\DP2__xrf\XRF data\L000207.spe	890.00	6.32	1	0.017526	-0.012928	0.010012	0.091030	38557	3.75	0	32	95	0	22	877	156	607	3686	4904	0	84	117	67339	168	33	21	362	0	0	150	207	4071	25	812	51	4	0	135	50	827	83	0	0	0	116	17	0	117	7	191	300	1432	0	0	0	0	81	199	21194	6323	0.227	
\\Mac\Home\Documents\Steve\23-10_Manchester2_Mo\Campbell\DP2__xrf\XRF data\L000208.spe	891.00	6.32	1	0.017526	-0.012928	0.010012	0.091030	36937	3.78	7	0	122	0	16	845	148	503	4099	4984	0	49	100	62818	277	34	40	267	0	0	48	132	4591	156	911	54	15	0	156	95	861	90	66	24	73	89	124	19	0	83	156	344	1003	0	0	0	0	38	0	20152	6118	0.223	
\\Mac\Home\Documents\Steve\23-10_Manchester2_Mo\Campbell\DP2__xrf\XRF data\L000209.spe	892.00	6.32	1	0.017526	-0.012928	0.010012	0.091030	36269	2.97	19	34	131	0	17	964	162	603	3736	5230	0	26	77	64431	313	47	34	282	0	0	211	127	4569	165	842	57	0	0	158	84	256	130	0	0	0	51	154	228	110	29	72	378	1008	0	0	58	0	26	195	19847	6126	0.219	
\\Mac\Home\Documents\Steve\23-10_Manchester2_Mo\Campbell\DP2__xrf\XRF data\L000210.spe	893.00	6.31	1	0.017526	-0.012928	0.010012	0.091030	37286	3.72	12	0	127	16	84	1002	143	416	4426	4076	107	17	93	74271	194	80	31	335	0	0	0	122	4065	103	825	19	0	10	146	125	324	93	0	0	141	47	0	101	135	0	220	384	1225	0	0	0	0	101	114	18136	5730	0.218	
\\Mac\Home\Documents\Steve\23-10_Manchester2_Mo\Campbell\DP2__xrf\XRF data\L000211.spe	894.00	6.32	1	0.017526	-0.012928	0.010012	0.091030	36261	3.22	0	5	113	10	26	978	138	479	4319	4328	49	39	87	63119	230	24	0	320	0	64	138	191	4252	124	896	64	0	37	122	145	424	21	0	0	0	0	6	71	235	59	109	348	936	0	0	36	0	35	147	19925	6208	0.222	
\\Mac\Home\Documents\Steve\23-10_Manchester2_Mo\Campbell\DP2__xrf\XRF data\L000212.spe	895.00	6.30	1	0.017526	-0.012928	0.010012	0.091030	41120	3.74	15	17	77	35	83	866	135	468	4119	4710	19	68	126	71837	330	78	8	376	0	0	92	93	4083	167	1038	24	0	5	164	166	687	0	0	0	64	133	185	0	0	349	129	539	1132	0	0	0	0	267	201	22466	6422	0.233	
\\Mac\Home\Documents\Steve\23-10_Manchester2_Mo\Campbell\DP2__xrf\XRF data\L000213.spe	896.00	6.27	1	0.017526	-0.012928	0.010012	0.091030	40277	3.10	6	26	103	17	67	757	135	481	3576	4004	63	29	141	67578	168	94	54	392	0	5	289	306	4167	87	974	6	0	0	150	0	106	20	52	0	0	40	0	0	130	0	176	419	1329	0	52	257	81	219	65	23063	6423	0.233	
\\Mac\Home\Documents\Steve\23-10_Manchester2_Mo\Campbell\DP2__xrf\XRF data\L000214.spe	897.00	6.30	1	0.017526	-0.012928	0.010012	0.091030	38827	3.86	0	26	106	0	47	517	144	521	4883	4347	39	11	124	65511	376	69	0	382	0	0	173	272	4578	114	886	55	0	14	199	235	818	125	0	52	8	149	79	159	139	27	85	483	660	0	0	0	0	56	122	21735	6104	0.228	
\\Mac\Home\Documents\Steve\23-10_Manchester2_Mo\Campbell\DP2__xrf\XRF data\L000215.spe	898.00	6.27	1	0.017526	-0.012928	0.010012	0.091030	37973	3.39	0	38	175	0	35	236	141	535	6075	4065	69	14	108	61960	335	11	32	276	158	77	49	61	5334	35	804	32	23	0	139	9	320	0	0	0	0	0	43	0	46	164	91	378	823	0	0	0	0	247	302	20742	6717	0.228	
\\Mac\Home\Documents\Steve\23-10_Manchester2_Mo\Campbell\DP2__xrf\XRF data\L000216.spe	899.00	6.26	1	0.017526	-0.012928	0.010012	0.091030	41946	3.56	0	34	129	24	40	100	152	697	4220	4728	0	58	148	74952	686	64	83	530	0	0	214	489	4461	0	958	78	0	8	187	41	661	12	0	0	71	84	0	102	124	0	0	463	428	0	0	0	0	269	132	21894	6658	0.236	
\\Mac\Home\Documents\Steve\23-10_Manchester2_Mo\Campbell\DP2__xrf\XRF data\L000217.spe	900.00	6.26	1	0.017526	-0.012928	0.010012	0.091030	40940	3.62	0	20	115	8	71	6	140	574	4618	4931	0	64	134	70239	78	40	35	662	0	0	280	278	4400	145	956	52	32	0	178	91	613	38	0	0	0	100	110	94	89	0	189	417	1297	0	0	0	0	160	70	22198	6266	0.234	
\\Mac\Home\Documents\Steve\23-10_Manchester2_Mo\Campbell\DP2__xrf\XRF data\L000218.spe	901.00	6.26	1	0.017526	-0.012928	0.010012	0.091030	40128	3.64	0	30	149	0	55	0	150	579	4918	4544	13	41	114	74040	347	42	4	392	0	0	221	220	4261	113	749	62	6	0	128	97	531	25	0	0	0	104	119	95	82	0	197	379	810	0	0	0	0	100	130	20762	6025	0.230	
\\Mac\Home\Documents\Steve\23-10_Manchester2_Mo\Campbell\DP2__xrf\XRF data\L000219.spe	902.00	6.28	1	0.017526	-0.012928	0.010012	0.091030	35790	2.98	0	19	142	0	59	0	205	458	4659	3704	59	5	77	60783	198	101	0	380	0	0	155	333	4033	59	840	58	0	7	134	134	255	151	40	0	33	78	157	84	25	0	189	309	1051	0	0	0	0	0	0	21172	6181	0.224	
\\Mac\Home\Documents\Steve\23-10_Manchester2_Mo\Campbell\DP2__xrf\XRF data\L000220.spe	903.00	6.26	1	0.017526	-0.012928	0.010012	0.091030	43778	3.69	0	50	100	4	117	0	198	567	5189	4770	37	16	137	77338	166	96	19	405	0	115	188	187	4349	57	986	50	0	39	247	80	0	0	0	34	0	44	193	66	0	0	227	443	1408	169	172	177	0	127	254	23567	6596	0.241	
\\Mac\Home\Documents\Steve\23-10_Manchester2_Mo\Campbell\DP2__xrf\XRF data\L000221.spe	904.00	6.29	1	0.017526	-0.012928	0.010012	0.091030	38591	4.69	14	34	79	36	103	0	188	365	3845	4340	0	78	96	67843	189	83	17	369	0	0	293	209	3722	222	746	53	0	15	188	49	1051	17	0	0	0	38	57	168	84	0	118	380	1284	0	0	0	21	177	102	22011	6133	0.228	
\\Mac\Home\Documents\Steve\23-10_Manchester2_Mo\Campbell\DP2__xrf\XRF data\L000222.spe	905.00	6.26	1	0.017526	-0.012928	0.010012	0.091030	37175	3.18	19	9	111	6	83	0	163	427	4500	4043	41	5	102	66101	302	98	76	355	17	14	204	190	4167	101	758	40	0	16	243	0	287	26	0	0	33	19	111	137	130	0	170	390	863	0	12	0	92	283	132	20830	5996	0.224	
\\Mac\Home\Documents\Steve\23-10_Manchester2_Mo\Campbell\DP2__xrf\XRF data\L000223.spe	906.00	6.28	1	0.017526	-0.012928	0.010012	0.091030	38389	3.97	0	29	128	0	113	0	171	540	4597	4234	4	49	165	70058	410	59	76	347	71	0	255	239	4018	279	818	55	0	0	192	135	773	0	0	0	0	0	26	115	60	48	39	580	1044	0	0	0	0	263	0	22002	6258	0.224	
\\Mac\Home\Documents\Steve\23-10_Manchester2_Mo\Campbell\DP2__xrf\XRF data\L000224.spe	907.00	6.28	1	0.017526	-0.012928	0.010012	0.091030	36021	3.00	22	32	104	34	93	0	159	424	4147	3370	4	48	83	62449	191	92	130	382	40	36	248	228	4100	213	840	8	0	11	137	0	0	0	0	35	0	0	10	128	248	0	139	365	1043	316	285	217	206	435	119	20823	5876	0.221	
\\Mac\Home\Documents\Steve\23-10_Manchester2_Mo\Campbell\DP2__xrf\XRF data\L000225.spe	908.00	6.28	1	0.017526	-0.012928	0.010012	0.091030	31647	2.87	0	31	112	26	33	5	201	311	2985	3179	59	60	106	59544	103	65	29	287	0	0	295	138	3499	71	628	17	0	13	167	70	80	25	38	0	0	0	0	126	108	0	94	341	1386	0	61	230	0	97	0	18020	5377	0.207	
\\Mac\Home\Documents\Steve\23-10_Manchester2_Mo\Campbell\DP2__xrf\XRF data\L000226.spe	909.00	6.28	1	0.017526	-0.012928	0.010012	0.091030	33824	3.31	23	45	144	11	32	0	180	416	3683	3458	0	24	96	63959	277	101	78	257	0	0	0	231	4480	78	756	19	0	6	162	0	299	0	0	0	228	56	76	0	167	19	142	353	905	0	0	0	151	231	242	18699	5737	0.211	
\\Mac\Home\Documents\Steve\23-10_Manchester2_Mo\Campbell\DP2__xrf\XRF data\L000227.spe	910.00	6.28	1	0.017526	-0.012928	0.010012	0.091030	32613	2.96	0	20	94	14	0	0	179	406	3759	2986	0	27	66	58398	139	42	27	248	0	0	193	241	4356	48	693	21	0	6	109	0	445	0	38	0	0	234	99	215	0	0	221	273	922	0	0	105	39	133	52	18959	5595	0.209	
\\Mac\Home\Documents\Steve\23-10_Manchester2_Mo\Campbell\DP2__xrf\XRF data\L000228.spe	911.00	6.25	1	0.017526	-0.012928	0.010012	0.091030	32203	2.97	13	55	125	21	75	7	200	402	4114	3260	25	29	135	57233	230	40	5	259	0	0	142	228	3857	83	673	47	13	0	86	0	507	105	37	0	0	56	57	85	84	0	80	298	969	0	0	0	38	177	119	18455	5422	0.205	
\\Mac\Home\Documents\Steve\23-10_Manchester2_Mo\Campbell\DP2__xrf\XRF data\L000229.spe	912.00	6.26	1	0.017526	-0.012928	0.010012	0.091030	30242	2.79	0	9	89	16	42	0	178	394	3729	2712	51	26	108	52008	71	91	0	244	37	47	146	38	3975	80	531	57	16	13	118	105	0	5	0	23	0	29	104	0	46	151	138	283	1279	311	236	211	0	140	102	18115	5066	0.203	
\\Mac\Home\Documents\Steve\23-10_Manchester2_Mo\Campbell\DP2__xrf\XRF data\L000230.spe	913.00	6.25	1	0.017526	-0.012928	0.010012	0.091030	31509	2.72	5	23	120	7	46	0	172	524	3706	4239	35	10	144	55010	237	45	0	244	0	0	198	292	3946	152	790	41	6	0	134	67	204	60	35	0	0	131	21	149	0	0	114	297	683	0	24	117	0	125	0	18124	5477	0.205	
\\Mac\Home\Documents\Steve\23-10_Manchester2_Mo\Campbell\DP2__xrf\XRF data\L000231.spe	914.00	6.25	1	0.017526	-0.012928	0.010012	0.091030	30830	2.78	26	33	110	22	72	0	223	477	4428	3452	0	33	98	52740	293	40	54	303	0	16	93	325	3904	106	933	21	0	0	135	0	95	23	57	0	21	106	12	121	57	0	37	288	707	0	116	0	0	218	0	17724	5374	0.206	
\\Mac\Home\Documents\Steve\23-10_Manchester2_Mo\Campbell\DP2__xrf\XRF data\L000232.spe	915.00	6.25	1	0.017526	-0.012928	0.010012	0.091030	30365	2.75	0	16	119	13	9	0	225	486	3731	3104	42	66	129	54472	197	57	0	264	0	14	26	231	4074	144	654	79	10	13	161	93	245	29	0	0	93	108	106	65	87	0	103	310	846	0	47	0	0	46	19	17333	5384	0.201	
\\Mac\Home\Documents\Steve\23-10_Manchester2_Mo\Campbell\DP2__xrf\XRF data\L000233.spe	916.00	6.26	1	0.017526	-0.012928	0.010012	0.091030	30535	2.79	0	26	81	0	49	0	209	507	4150	3752	0	0	89	51812	0	0	11	271	63	18	141	115	3714	90	794	35	7	0	126	18	343	18	55	0	0	6	0	0	56	64	113	202	1356	0	0	213	38	215	0	17880	5398	0.204	
\\Mac\Home\Documents\Steve\23-10_Manchester2_Mo\Campbell\DP2__xrf\XRF data\L000234.spe	917.00	6.26	1	0.017526	-0.012928	0.010012	0.091030	32128	3.10	0	32	93	14	32	0	178	463	3925	3358	88	18	128	58074	81	37	34	273	0	0	63	153	3493	36	763	61	25	0	153	112	383	88	0	0	72	198	242	36	0	113	132	269	1331	0	0	0	43	94	170	18069	5412	0.207	
\\Mac\Home\Documents\Steve\23-10_Manchester2_Mo\Campbell\DP2__xrf\XRF data\L000235.spe	918.00	6.28	1	0.017526	-0.012928	0.010012	0.091030	33510	3.35	9	37	143	33	21	0	195	504	4218	4224	107	0	125	59368	48	24	29	299	0	0	0	262	4327	86	907	30	0	0	114	41	568	5	0	0	126	105	0	180	34	0	202	276	1196	0	0	0	0	107	91	18499	5913	0.207	
\\Mac\Home\Documents\Steve\23-10_Manchester2_Mo\Campbell\DP2__xrf\XRF data\L000236.spe	919.00	6.24	1	0.017526	-0.012928	0.010012	0.091030	29430	2.73	0	12	84	39	22	0	198	387	3457	3716	0	36	92	54002	111	52	51	324	0	0	130	186	3933	62	656	45	5	7	142	29	0	42	13	69	0	81	37	107	64	0	182	312	976	227	95	147	0	248	129	16628	5107	0.198	
\\Mac\Home\Documents\Steve\23-10_Manchester2_Mo\Campbell\DP2__xrf\XRF data\L000237.spe	920.00	6.24	1	0.017526	-0.012928	0.010012	0.091030	30514	2.68	0	33	89	0	53	0	176	481	3618	3391	123	40	85	56363	63	48	55	232	0	33	176	316	3822	35	714	47	12	15	69	28	0	0	0	0	0	57	124	50	0	0	142	347	1194	119	132	188	0	96	204	16700	5196	0.201	
\\Mac\Home\Documents\Steve\23-10_Manchester2_Mo\Campbell\DP2__xrf\XRF data\L000238.spe	921.00	6.26	1	0.017526	-0.012928	0.010012	0.091030	28647	2.77	0	32	134	15	116	0	162	542	5126	3686	52	40	83	47437	405	19	0	231	77	0	160	193	3815	57	744	57	18	0	141	49	390	82	0	37	0	0	151	235	89	0	0	250	518	0	0	141	0	0	119	16857	5447	0.199	
\\Mac\Home\Documents\Steve\23-10_Manchester2_Mo\Campbell\DP2__xrf\XRF data\L000239.spe	922.00	6.30	1	0.017526	-0.012928	0.010012	0.091030	33864	3.08	0	32	56	0	91	0	162	445	4493	3859	82	17	125	65892	342	73	86	326	0	0	111	81	3667	86	690	50	0	5	138	0	335	56	13	15	0	51	152	14	7	187	180	396	829	0	0	9	85	159	0	17849	5312	0.208	
\\Mac\Home\Documents\Steve\23-10_Manchester2_Mo\Campbell\DP2__xrf\XRF data\L000240.spe	923.00	6.33	1	0.017526	-0.012928	0.010012	0.091030	37931	4.62	16	35	129	39	61	0	156	417	4237	3507	114	46	110	74901	302	52	0	286	0	0	315	124	3333	134	669	14	19	0	81	117	957	15	27	0	0	97	72	0	55	130	21	484	1358	0	0	0	0	0	14	19969	5825	0.217	
\\Mac\Home\Documents\Steve\23-10_Manchester2_Mo\Campbell\DP2__xrf\XRF data\L000241.spe	924.00	6.34	1	0.017526	-0.012928	0.010012	0.091030	37814	3.41	0	22	109	33	84	0	153	470	4158	3936	0	51	102	76092	0	51	59	339	0	0	240	133	2914	220	747	70	0	26	153	0	266	77	53	40	52	188	97	0	84	80	210	414	1795	0	0	0	75	133	71	19887	5382	0.217	
\\Mac\Home\Documents\Steve\23-10_Manchester2_Mo\Campbell\DP2__xrf\XRF data\L000242.spe	925.00	6.36	1	0.017526	-0.012928	0.010012	0.091030	34713	3.63	0	8	95	20	69	0	192	450	5536	3883	46	66	128	65160	130	0	13	253	0	0	222	196	3383	134	580	38	23	0	106	0	766	0	40	79	0	115	204	325	28	0	242	362	1199	0	0	77	71	176	19	19009	5401	0.211	
\\Mac\Home\Documents\Steve\23-10_Manchester2_Mo\Campbell\DP2__xrf\XRF data\L000243.spe	926.00	6.37	1	0.017526	-0.012928	0.010012	0.091030	35300	4.27	13	22	112	0	131	0	157	602	5259	3645	87	41	123	64339	221	42	0	315	0	0	0	421	3770	138	766	29	0	21	121	166	1018	13	0	0	130	114	35	218	62	0	104	333	1033	0	0	0	0	268	21	19669	5630	0.213	
\\Mac\Home\Documents\Steve\23-10_Manchester2_Mo\Campbell\DP2__xrf\XRF data\L000244.spe	927.00	6.38	1	0.017526	-0.012928	0.010012	0.091030	35065	3.63	0	32	94	13	145	0	112	482	5569	3785	28	0	96	64661	239	45	68	286	0	0	201	133	3755	136	692	39	0	7	100	0	608	101	95	79	0	26	107	0	98	174	174	317	1196	0	0	0	35	117	9	19016	5591	0.212	
\\Mac\Home\Documents\Steve\23-10_Manchester2_Mo\Campbell\DP2__xrf\XRF data\L000245.spe	928.00	6.39	1	0.017526	-0.012928	0.010012	0.091030	37118	3.15	0	27	93	21	104	0	158	441	5482	3544	0	76	109	68237	186	85	0	292	0	48	247	147	3793	59	718	61	10	0	127	80	0	53	0	63	0	85	0	133	104	0	226	378	1200	458	204	349	0	98	102	20402	5845	0.218	
\\Mac\Home\Documents\Steve\23-10_Manchester2_Mo\Campbell\DP2__xrf\XRF data\L000246.spe	929.00	6.40	1	0.017526	-0.012928	0.010012	0.091030	37633	3.78	0	36	151	27	96	0	174	603	5115	4126	46	22	108	70145	291	46	35	325	0	46	239	292	3789	148	901	70	13	0	204	26	0	159	0	94	0	32	52	295	106	0	112	433	1234	332	246	294	0	161	118	20669	5785	0.220	
\\Mac\Home\Documents\Steve\23-10_Manchester2_Mo\Campbell\DP2__xrf\XRF data\L000247.spe	930.00	8.61	0	0.017526	-0.012928	0.010012	0.091030	4935	2.14	16	19	5	0	0	0	167	0	0	0	0	0	0	46	5	39	4	16	26	8	0	43	891	74	28	0	0	0	0	0	0	0	0	6	90	0	89	5	24	65	0	9	7	162	155	0	0	7	16	7217	1772	0.202	
\\Mac\Home\Documents\Steve\23-10_Manchester2_Mo\Campbell\DP2__xrf\XRF data\L000248.spe	931.00	9.32	0	0.017526	-0.012928	0.010012	0.091030	4568	1.23	14	7	7	5	0	0	99	0	0	13	0	5	0	35	0	27	6	9	13	0	0	4	764	70	0	0	0	0	0	0	65	0	15	0	0	11	29	36	25	40	0	6	41	0	12	0	0	24	0	6670	1579	0.206	
\\Mac\Home\Documents\Steve\23-10_Manchester2_Mo\Campbell\DP2__xrf\XRF data\L000249.spe	932.00	9.32	0	0.017526	-0.012928	0.010012	0.091030	4535	1.32	0	0	0	6	0	0	110	0	0	0	0	11	4	32	0	24	0	0	0	0	0	20	736	86	0	0	4	0	0	17	15	0	9	0	45	67	28	18	0	30	8	0	55	0	12	0	0	0	0	6687	1543	0.205	
\\Mac\Home\Documents\Steve\23-10_Manchester2_Mo\Campbell\DP2__xrf\XRF data\L000250.spe	933.00	9.32	0	0.017526	-0.012928	0.010012	0.091030	4737	1.41	0	12	9	0	0	0	106	0	0	0	0	0	0	25	0	16	0	0	0	0	0	49	762	29	0	0	0	8	0	27	0	18	40	0	28	20	34	33	0	0	0	0	34	26	21	8	0	0	0	7058	1650	0.207	
\\Mac\Home\Documents\Steve\23-10_Manchester2_Mo\Campbell\DP2__xrf\XRF data\L000251.spe	934.00	9.32	0	0.017526	-0.012928	0.010012	0.091030	4721	2.83	6	0	0	0	0	0	82	0	0	0	0	0	0	19	0	27	12	0	10	13	62	94	737	75	28	0	0	0	0	0	186	0	0	0	0	6	15	136	7	0	12	6	48	0	0	0	9	27	0	7234	1644	0.204	
\\Mac\Home\Documents\Steve\23-10_Manchester2_Mo\Campbell\DP2__xrf\XRF data\L000252.spe	935.00	9.32	0	0.017526	-0.012928	0.010012	0.091030	4837	1.21	0	6	0	0	0	0	120	0	0	0	0	0	0	24	0	29	0	0	43	16	44	0	655	46	0	0	0	0	11	0	19	0	18	29	0	0	86	0	0	115	7	5	81	0	0	16	0	0	0	7379	1749	0.206	
\\Mac\Home\Documents\Steve\23-10_Manchester2_Mo\Campbell\DP2__xrf\XRF data\L000253.spe	936.00	9.32	0	0.017526	-0.012928	0.010012	0.091030	4845	1.38	0	9	9	0	0	0	97	0	0	0	7	0	0	32	0	32	0	10	4	0	0	42	635	28	0	0	0	0	0	24	77	0	0	0	9	8	14	53	0	0	12	13	39	0	0	0	0	0	0	7448	1747	0.206	
\\Mac\Home\Documents\Steve\23-10_Manchester2_Mo\Campbell\DP2__xrf\XRF data\L000254.spe	937.00	9.32	0	0.017526	-0.012928	0.010012	0.091030	4945	1.72	8	12	0	0	0	0	106	0	0	0	0	7	0	31	0	20	0	0	0	24	0	45	649	5	0	0	0	0	0	17	120	0	5	0	103	30	0	0	48	10	0	0	51	0	0	0	0	0	6	7580	1768	0.208	
\\Mac\Home\Documents\Steve\23-10_Manchester2_Mo\Campbell\DP2__xrf\XRF data\L000255.spe	938.00	9.32	0	0.017526	-0.012928	0.010012	0.091030	5028	2.46	16	8	10	12	0	0	103	0	0	0	0	0	0	43	14	18	0	10	21	0	8	9	746	78	0	0	0	0	0	36	204	29	60	4	40	13	15	0	46	64	0	7	6	0	0	0	0	0	0	7696	1709	0.204	
\\Mac\Home\Documents\Steve\23-10_Manchester2_Mo\Campbell\DP2__xrf\XRF data\L000256.spe	939.00	9.32	0	0.017526	-0.012928	0.010012	0.091030	4742	2.26	6	0	0	0	0	0	120	0	0	0	0	0	0	38	0	17	0	7	0	0	21	86	631	63	0	0	0	0	0	0	190	0	43	29	59	69	0	91	0	0	0	7	33	0	0	0	0	0	0	7496	1665	0.208	
\\Mac\Home\Documents\Steve\23-10_Manchester2_Mo\Campbell\DP2__xrf\XRF data\L000257.spe	940.00	9.32	0	0.017526	-0.012928	0.010012	0.091030	4458	1.77	16	12	6	0	0	0	118	0	0	0	4	0	0	26	0	30	12	7	0	15	52	99	691	56	0	0	0	0	0	0	0	0	0	12	0	22	76	25	0	0	9	0	51	96	73	49	17	27	24	6775	1507	0.209	
\\Mac\Home\Documents\Steve\23-10_Manchester2_Mo\Campbell\DP2__xrf\XRF data\L000258.spe	941.00	9.32	0	0.017526	-0.012928	0.010012	0.091030	4845	1.26	0	19	10	9	0	0	122	0	5	7	0	4	6	41	0	24	9	5	0	0	11	52	639	53	0	0	0	0	0	0	26	0	0	0	34	8	80	22	0	0	19	0	34	0	0	0	0	33	5	7237	1752	0.204	
\\Mac\Home\Documents\Steve\23-10_Manchester2_Mo\Campbell\DP2__xrf\XRF data\L000259.spe	942.00	9.32	0	0.017526	-0.012928	0.010012	0.091030	4399	1.52	0	0	5	4	0	0	102	0	0	0	0	5	0	37	0	28	13	6	0	11	0	52	616	17	0	0	0	0	0	0	0	0	64	0	0	79	29	9	0	0	6	5	12	56	109	17	26	20	0	6533	1511	0.206	
\\Mac\Home\Documents\Steve\23-10_Manchester2_Mo\Campbell\DP2__xrf\XRF data\L000260.spe	943.00	9.32	0	0.017526	-0.012928	0.010012	0.091030	3615	3.11	5	0	0	0	0	0	102	0	5	0	0	0	0	24	8	15	0	0	0	0	34	48	575	51	0	0	0	0	0	23	213	0	6	0	0	58	0	0	22	0	0	4	25	0	0	0	0	0	0	5447	1264	0.205	
\\Mac\Home\Documents\Steve\23-10_Manchester2_Mo\Campbell\DP2__xrf\XRF data\L000261.spe	944.00	9.32	0	0.017526	-0.012928	0.010012	0.091030	3686	1.60	9	7	8	0	0	0	116	0	0	0	0	0	0	33	0	22	0	0	0	5	30	29	564	14	0	0	0	0	0	11	48	0	46	27	9	74	0	0	0	0	16	0	42	0	0	0	0	0	0	5310	1264	0.201	
\\Mac\Home\Documents\Steve\23-10_Manchester2_Mo\Campbell\DP2__xrf\XRF data\L000262.spe	945.00	9.32	0	0.017526	-0.012928	0.010012	0.091030	4303	1.42	0	6	6	0	0	0	160	0	0	0	0	0	0	26	0	33	15	0	0	0	0	5	636	66	0	0	0	0	0	0	33	0	52	0	75	47	73	0	0	75	0	10	37	0	8	0	0	0	0	6529	1543	0.201	
\\Mac\Home\Documents\Steve\23-10_Manchester2_Mo\Campbell\DP2__xrf\XRF data\L000263.spe	946.00	6.55	1	0.017526	-0.012928	0.010012	0.091030	24019	2.59	0	22	32	8	31	0	249	202	1524	1761	0	25	38	35308	95	40	0	129	9	34	298	31	3005	90	672	7	0	0	59	0	0	0	0	25	0	0	0	0	75	103	17	269	806	285	317	400	87	141	219	17409	5183	0.204	
\\Mac\Home\Documents\Steve\23-10_Manchester2_Mo\Campbell\DP2__xrf\XRF data\L000264.spe	947.00	6.61	1	0.017526	-0.012928	0.010012	0.091030	22823	2.13	0	36	37	16	0	11	238	160	1334	1652	10	19	78	31667	0	26	15	192	0	16	0	217	2835	0	524	16	13	7	88	12	202	16	0	0	253	21	56	107	16	0	35	183	1077	0	0	0	0	28	132	17225	5064	0.205	
\\Mac\Home\Documents\Steve\23-10_Manchester2_Mo\Campbell\DP2__xrf\XRF data\L000265.spe	948.00	6.63	1	0.017526	-0.012928	0.010012	0.091030	21581	3.37	14	21	35	20	0	0	261	134	639	1377	0	23	21	27245	0	66	42	160	0	0	0	131	2806	68	574	0	0	12	34	25	632	0	0	0	202	7	23	71	23	70	30	194	1120	0	0	0	0	169	45	17948	5161	0.207	
\\Mac\Home\Documents\Steve\23-10_Manchester2_Mo\Campbell\DP2__xrf\XRF data\L000266.spe	949.00	6.60	1	0.017526	-0.012928	0.010012	0.091030	22086	2.37	0	30	16	17	0	0	271	177	1106	1320	0	45	38	31124	7	39	56	133	12	0	89	134	2991	114	541	10	12	0	67	0	437	43	60	0	0	0	0	67	0	0	67	153	1004	0	0	0	31	73	0	17158	5139	0.205	
\\Mac\Home\Documents\Steve\23-10_Manchester2_Mo\Campbell\DP2__xrf\XRF data\L000267.spe	950.00	6.60	1	0.017526	-0.012928	0.010012	0.091030	22516	2.65	0	15	13	5	0	0	258	118	939	1288	30	16	13	37219	136	34	10	149	80	0	67	77	2821	0	555	6	15	18	55	46	403	0	64	0	0	0	0	67	65	0	48	251	907	0	0	0	0	135	0	15794	4711	0.197	
\\Mac\Home\Documents\Steve\23-10_Manchester2_Mo\Campbell\DP2__xrf\XRF data\L000268.spe	951.00	6.58	1	0.017526	-0.012928	0.010012	0.091030	18779	2.67	0	29	22	14	0	0	251	83	555	852	36	0	16	24147	9	51	0	121	0	0	0	217	2839	95	538	17	22	0	52	119	380	50	149	0	96	8	82	21	32	0	15	153	837	0	0	0	0	0	0	15242	4380	0.201	
\\Mac\Home\Documents\Steve\23-10_Manchester2_Mo\Campbell\DP2__xrf\XRF data\L000269.spe	952.00	6.54	1	0.017526	-0.012928	0.010012	0.091030	20167	1.83	0	23	26	0	12	0	253	112	1050	1313	0	13	45	26479	50	45	28	146	0	0	127	98	2740	62	534	10	14	0	55	33	194	14	0	0	0	0	116	11	35	0	59	143	688	0	0	77	0	58	59	15972	4644	0.201	
\\Mac\Home\Documents\Steve\23-10_Manchester2_Mo\Campbell\DP2__xrf\XRF data\L000270.spe	953.00	6.50	1	0.017526	-0.012928	0.010012	0.091030	23332	5.26	0	28	50	31	7	0	232	176	1325	1409	0	0	41	36178	125	52	25	196	0	0	39	250	3162	99	608	12	0	10	58	57	962	27	81	0	75	183	127	27	107	0	50	208	783	0	0	0	0	29	0	17263	4898	0.201	
\\Mac\Home\Documents\Steve\23-10_Manchester2_Mo\Campbell\DP2__xrf\XRF data\L000271.spe	954.00	6.49	1	0.017526	-0.012928	0.010012	0.091030	26061	2.35	7	27	44	26	0	15	203	208	1851	1528	41	22	41	39571	55	67	55	223	0	0	43	84	3346	85	627	22	0	18	75	0	0	0	71	0	0	0	33	76	38	62	30	287	1144	102	163	245	34	99	0	18465	5394	0.209	
\\Mac\Home\Documents\Steve\23-10_Manchester2_Mo\Campbell\DP2__xrf\XRF data\L000272.spe	955.00	6.49	1	0.017526	-0.012928	0.010012	0.091030	24925	2.06	0	11	38	10	11	0	230	178	1630	1474	16	26	110	33785	85	50	0	181	29	0	0	266	3292	89	642	23	0	0	54	0	151	66	88	0	116	49	0	100	95	0	11	203	732	0	0	0	0	37	0	18757	5465	0.209	
\\Mac\Home\Documents\Steve\23-10_Manchester2_Mo\Campbell\DP2__xrf\XRF data\L000273.spe	956.00	6.49	1	0.017526	-0.012928	0.010012	0.091030	24926	2.63	0	28	39	5	98	0	191	230	2028	1756	0	10	100	38230	0	43	20	213	0	0	100	184	2840	104	612	23	0	0	70	0	478	52	40	0	63	92	68	0	0	0	145	220	1261	0	0	0	50	20	51	17813	4738	0.203	
\\Mac\Home\Documents\Steve\23-10_Manchester2_Mo\Campbell\DP2__xrf\XRF data\L000274.spe	957.00	6.52	1	0.017526	-0.012928	0.010012	0.091030	25492	2.49	13	0	51	9	155	0	225	231	2811	1803	12	18	144	42124	194	74	31	201	56	55	20	153	2802	88	527	0	4	0	41	0	0	38	47	0	162	0	103	16	0	0	36	298	768	404	429	0	79	111	0	17624	4875	0.201	
\\Mac\Home\Documents\Steve\23-10_Manchester2_Mo\Campbell\DP2__xrf\XRF data\L000275.spe	958.00	6.54	1	0.017526	-0.012928	0.010012	0.091030	28182	2.59	10	20	51	20	18	0	254	236	1754	1648	22	25	88	46576	31	76	36	242	0	0	154	120	3213	159	478	0	10	0	98	13	0	0	0	28	0	76	0	36	39	46	77	237	1266	446	291	246	10	160	37	19000	5227	0.205	
\\Mac\Home\Documents\Steve\23-10_Manchester2_Mo\Campbell\DP2__xrf\XRF data\L000276.spe	959.00	6.55	1	0.017526	-0.012928	0.010012	0.091030	22048	2.95	9	36	56	7	6	0	216	181	1754	1252	45	0	46	25713	0	68	9	161	0	0	111	209	2990	184	657	23	0	0	0	0	0	21	0	21	0	83	89	0	31	0	49	163	872	890	610	208	19	92	189	18290	5183	0.204	
\\Mac\Home\Documents\Steve\23-10_Manchester2_Mo\Campbell\DP2__xrf\XRF data\L000277.spe	960.00	6.56	1	0.017526	-0.012928	0.010012	0.091030	16718	1.71	0	19	41	0	0	0	226	116	1459	1165	0	9	45	16549	138	46	22	132	0	49	67	86	2437	158	527	12	0	7	33	94	0	22	0	51	0	53	15	38	90	75	0	128	309	104	75	50	0	0	58	14478	4203	0.199	
\\Mac\Home\Documents\Steve\23-10_Manchester2_Mo\Campbell\DP2__xrf\XRF data\L000278.spe	961.00	6.56	1	0.017526	-0.012928	0.010012	0.091030	18366	1.98	0	13	41	0	7	0	223	194	1497	2273	0	29	51	26641	150	56	0	173	29	0	13	55	2040	152	496	6	0	18	87	83	248	21	20	0	78	0	26	0	72	103	42	144	480	0	0	0	0	62	0	13721	3885	0.186	
\\Mac\Home\Documents\Steve\23-10_Manchester2_Mo\Campbell\DP2__xrf\XRF data\L000279.spe	962.00	6.61	1	0.017526	-0.012928	0.010011	0.091030	17232	1.82	0	23	63	5	26	0	264	187	1301	1304	34	0	47	20865	9	50	0	102	0	15	113	135	2012	104	622	8	0	12	62	75	91	0	0	10	75	128	107	155	0	0	41	83	591	0	0	0	0	0	84	14123	4124	0.192	
\\Mac\Home\Documents\Steve\23-10_Manchester2_Mo\Campbell\DP2__xrf\XRF data\L000280.spe	963.00	6.61	1	0.017526	-0.012928	0.010011	0.091030	21146	2.48	25	29	33	25	59	4	248	225	1843	2006	0	38	39	31023	21	67	9	190	46	33	161	67	2479	26	608	26	9	19	54	70	0	66	0	35	0	0	108	0	72	168	39	201	817	485	325	419	0	59	110	15527	4362	0.193	
\\Mac\Home\Documents\Steve\23-10_Manchester2_Mo\Campbell\DP2__xrf\XRF data\L000281.spe	964.00	6.62	1	0.017526	-0.012928	0.010011	0.091030	22324	2.12	6	22	20	0	33	0	256	169	1609	1530	0	38	35	33238	80	32	18	171	0	0	132	145	2363	20	544	11	0	16	83	58	270	24	20	0	41	122	0	0	0	68	86	160	697	0	0	0	0	29	0	16307	4947	0.197	
\\Mac\Home\Documents\Steve\23-10_Manchester2_Mo\Campbell\DP2__xrf\XRF data\L000282.spe	965.00	6.63	1	0.017526	-0.012928	0.010011	0.091030	29299	2.51	8	13	20	6	54	0	236	215	1660	1379	47	35	105	46855	150	41	37	196	37	127	405	110	2829	206	581	12	11	0	101	128	45	30	0	25	0	0	0	103	274	0	123	245	1152	71	38	204	0	0	227	20417	5364	0.210	
\\Mac\Home\Documents\Steve\23-10_Manchester2_Mo\Campbell\DP2__xrf\XRF data\L000283.spe	966.00	6.62	1	0.017526	-0.012928	0.010011	0.091030	34288	3.03	0	22	10	23	79	0	223	192	1984	1729	0	79	159	57745	145	84	79	309	0	42	422	134	2917	205	638	27	9	0	154	0	0	4	0	0	0	0	90	121	121	0	183	376	1108	451	430	186	57	139	301	22740	5948	0.220	
\\Mac\Home\Documents\Steve\23-10_Manchester2_Mo\Campbell\DP2__xrf\XRF data\L000284.spe	967.00	6.62	1	0.017526	-0.012928	0.010011	0.091030	31401	3.22	28	29	56	36	31	0	224	290	1773	2310	38	28	54	52517	123	60	44	253	19	0	159	259	2852	118	728	0	0	0	132	135	603	48	97	0	210	57	61	80	125	0	132	255	1158	0	0	0	0	29	0	20484	5652	0.214	
\\Mac\Home\Documents\Steve\23-10_Manchester2_Mo\Campbell\DP2__xrf\XRF data\L000285.spe	968.00	6.61	1	0.017526	-0.012928	0.010011	0.091030	29519	2.69	9	18	39	13	24	0	247	278	1977	2479	0	11	83	45701	102	71	17	207	83	0	111	157	3236	61	506	20	0	0	90	80	402	0	85	44	0	0	75	16	53	0	131	308	909	0	0	0	0	88	0	20940	5895	0.213	
\\Mac\Home\Documents\Steve\23-10_Manchester2_Mo\Campbell\DP2__xrf\XRF data\L000286.spe	969.00	6.58	1	0.017526	-0.012928	0.010011	0.091030	27441	2.84	35	26	67	0	25	0	239	291	2445	2435	24	20	49	38048	73	37	0	165	0	0	156	179	3534	110	832	50	10	0	64	162	476	25	99	0	0	46	66	25	0	0	47	248	936	0	0	0	0	0	0	20351	5909	0.212	
\\Mac\Home\Documents\Steve\23-10_Manchester2_Mo\Campbell\DP2__xrf\XRF data\L000287.spe	970.00	6.55	1	0.017526	-0.012928	0.010011	0.091030	24613	2.25	4	29	39	0	60	0	242	254	2144	1905	0	33	66	37414	49	76	60	242	0	0	179	102	3167	104	775	0	0	0	68	70	325	77	54	66	0	105	193	114	0	0	50	244	1003	0	0	95	0	38	0	17998	5078	0.200	
\\Mac\Home\Documents\Steve\23-10_Manchester2_Mo\Campbell\DP2__xrf\XRF data\L000288.spe	971.00	6.50	1	0.017526	-0.012928	0.010011	0.091030	20834	2.03	0	14	38	4	15	0	256	234	2090	1354	31	33	42	28910	0	59	26	146	0	0	0	313	2996	122	722	0	0	0	79	0	163	24	0	40	137	89	0	189	86	0	60	191	843	0	0	0	27	128	60	16200	4839	0.191	
\\Mac\Home\Documents\Steve\23-10_Manchester2_Mo\Campbell\DP2__xrf\XRF data\L000289.spe	972.00	6.38	1	0.017526	-0.012928	0.010011	0.091030	24753	3.57	19	13	43	7	73	0	221	338	2165	1663	32	0	22	50461	282	11	33	147	0	0	68	137	2554	132	892	0	0	10	44	38	643	17	0	12	0	0	44	0	102	147	92	288	547	0	0	0	0	70	64	14384	4735	0.181	
\\Mac\Home\Documents\Steve\23-10_Manchester2_Mo\Campbell\DP2__xrf\XRF data\L000290.spe	973.00	6.06	1	0.017526	-0.012928	0.010011	0.091030	40573	5.69	0	41	100	11	47	0	118	508	2607	3631	13	62	0	110020	518	25	33	232	0	0	0	267	3001	66	1052	58	29	0	211	96	830	58	0	0	261	99	133	24	72	24	281	511	1235	0	0	0	0	62	107	13974	4612	0.199	
\\Mac\Home\Documents\Steve\23-10_Manchester2_Mo\Campbell\DP2__xrf\XRF data\L000291.spe	974.00	6.06	1	0.017526	-0.012928	0.010011	0.091030	40423	4.64	7	28	94	24	154	0	134	654	4011	3995	20	46	7	108608	517	36	109	284	0	0	110	243	2785	150	1038	32	0	0	215	26	462	8	0	0	0	70	0	101	166	0	274	671	1237	0	0	0	35	192	88	13079	4785	0.199	
\\Mac\Home\Documents\Steve\23-10_Manchester2_Mo\Campbell\DP2__xrf\XRF data\L000292.spe	975.00	6.08	1	0.017526	-0.012928	0.010011	0.091030	43241	5.21	0	29	105	12	299	0	134	664	5516	3259	63	24	0	116013	287	20	103	328	0	0	113	211	3028	152	1072	34	0	5	149	9	615	4	33	0	9	126	91	84	142	184	381	623	1506	0	0	0	0	175	51	14161	4845	0.205	
\\Mac\Home\Documents\Steve\23-10_Manchester2_Mo\Campbell\DP2__xrf\XRF data\L000293.spe	976.00	6.12	1	0.017526	-0.012928	0.010011	0.091030	39876	4.13	0	31	58	30	421	0	155	585	6897	3471	62	24	42	103444	630	45	80	312	0	0	48	319	3140	102	1004	52	31	0	151	0	276	0	0	0	46	115	86	134	160	0	267	520	667	0	0	0	14	335	99	13772	4406	0.197	
\\Mac\Home\Documents\Steve\23-10_Manchester2_Mo\Campbell\DP2__xrf\XRF data\L000294.spe	977.00	6.14	1	0.017526	-0.012928	0.010011	0.091030	35431	3.52	0	19	135	15	266	6	171	691	5788	3383	88	27	74	83464	237	60	92	284	0	0	186	288	3119	109	1000	77	15	17	167	36	111	24	0	53	0	63	67	177	115	15	228	472	1178	0	0	239	0	160	256	14494	4813	0.191	
\\Mac\Home\Documents\Steve\23-10_Manchester2_Mo\Campbell\DP2__xrf\XRF data\L000295.spe	978.00	6.16	1	0.017526	-0.012928	0.010011	0.091030	35190	3.38	0	40	80	12	252	0	190	584	6135	3515	55	14	88	75933	129	55	54	210	0	41	43	264	3428	157	1089	63	0	16	183	0	99	54	0	11	112	71	73	98	114	114	190	404	1506	0	73	0	95	207	289	15988	5177	0.198	
\\Mac\Home\Documents\Steve\23-10_Manchester2_Mo\Campbell\DP2__xrf\XRF data\L000296.spe	979.00	6.14	1	0.017526	-0.012928	0.010011	0.091030	37100	4.59	0	19	68	26	119	0	174	454	4342	3560	45	38	60	79452	304	0	34	237	0	0	163	370	3346	101	1080	25	11	0	135	150	916	151	118	29	22	104	0	291	238	0	113	466	1293	0	0	0	0	0	0	17369	5528	0.205	
\\Mac\Home\Documents\Steve\23-10_Manchester2_Mo\Campbell\DP2__xrf\XRF data\L000297.spe	980.00	6.12	1	0.017526	-0.012928	0.010011	0.091030	30118	3.12	16	14	81	16	69	7	205	291	3087	2417	5	0	56	55715	18	31	0	217	0	62	61	244	3368	168	897	10	9	0	74	103	390	27	0	0	11	51	78	0	96	73	84	309	1500	0	0	0	0	96	294	17762	5829	0.198	
\\Mac\Home\Documents\Steve\23-10_Manchester2_Mo\Campbell\DP2__xrf\XRF data\L000298.spe	981.00	6.05	1	0.017526	-0.012928	0.010011	0.091030	34327	3.07	0	36	68	14	64	0	179	422	2774	3189	40	41	72	72938	238	53	66	276	0	0	128	369	3522	149	1209	11	0	20	151	0	112	0	0	0	10	55	99	38	54	0	224	450	1143	0	185	0	97	196	77	16545	5476	0.203	
\\Mac\Home\Documents\Steve\23-10_Manchester2_Mo\Campbell\DP2__xrf\XRF data\L000299.spe	982.00	5.99	1	0.017526	-0.012928	0.010011	0.091030	28158	3.15	0	0	30	0	23	0	223	305	1927	2169	43	12	53	52599	20	50	24	194	0	0	0	311	3019	99	1165	30	15	0	89	117	431	38	0	0	219	62	99	71	102	0	166	270	1411	0	0	0	0	42	91	16394	5396	0.195	
\\Mac\Home\Documents\Steve\23-10_Manchester2_Mo\Campbell\DP2__xrf\XRF data\L000300.spe	983.00	5.96	0	0.017526	-0.012928	0.010011	0.091030	29035	2.97	0	24	52	0	214	0	177	313	4180	2318	36	0	55	50206	185	61	33	198	0	0	251	179	3169	194	966	32	0	0	68	35	468	30	157	34	0	243	75	0	32	69	104	270	940	0	0	14	0	53	0	17813	5353	0.202	
\\Mac\Home\Documents\Steve\23-10_Manchester2_Mo\Campbell\DP2__xrf\XRF data\L000301.spe	984.00	5.97	1	0.017526	-0.012928	0.010011	0.091030	28686	2.81	0	27	55	13	197	0	229	367	3764	2891	35	18	86	45672	0	41	0	164	0	0	13	221	3145	143	869	23	22	0	79	47	399	15	0	15	193	78	64	11	20	0	215	245	1304	0	0	0	12	18	70	18800	5502	0.204	
\\Mac\Home\Documents\Steve\23-10_Manchester2_Mo\Campbell\DP2__xrf\XRF data\L000302.spe	985.00	5.97	1	0.017526	-0.012928	0.010011	0.091030	27618	2.78	19	51	65	10	63	0	225	315	2267	2632	0	15	117	41476	204	71	9	170	0	52	143	270	3159	107	886	25	0	7	86	37	0	0	0	0	0	59	0	88	31	0	59	237	748	584	556	367	0	58	74	19177	5750	0.207	