0.5
1.8
3.1
4.5
5.9
7.3
8.7
10.1
11.5
12.9
14.2
15.5
16.9
18.4
19.7
21.1
22.4
23.9
25.3
26.7
28.1
29.5
30.8
32.2
33.6
34.9
36.3
37.7
39
40.4
41.7
43.1
44.4
45
46.3
47.6
49
50.4
51.8
53.2
54.5
55.9
57.2
58.6
59.9
61.2
62.5
63.9
65.2
66.5
67.8
69.1
70.4
71.7
73
74.3
75.5
76.8
78.1
79.4
80.7
82
83.3
84.5
85.8
87.2
88.6
90
91.4
92.7
94.1
95.4
96.8
98.1
99.4
100.8
102.3
103.8
105.1
106.4
107.8
109.1
110.4
111.7
113.1
114.4
115.8
117.1
118.5
119.8
121.1
122.4
123.7
124.9
125.4
126.6
127.8
129
130.3
131.6
132.9
134
135.2
136.4
137.7
138.9
140.2
141.4
142.6
143.8
145.1
146.3
147.6
148.8
150
151.3
152.5
153.7
155
156.2
157.4
158.6
159.8
161
162.2
163.5
165.2
166.8
168.4
169.9
171.5
173
174.6
176.2
177.8
179.3
180.9
182.5
184.1
185.6
187.3
188.9
190.6
192.2
193.9
195.5
197.1
198.6
200.1
201.6
203
204.6
205.9
207.3
208.7
210.1
211.5
212.9
214.4
215.8
217.2
218.5
219.9
221.3
222.6
224
225.3
226.7
228.1
229.5
230.9
232.3
233.7
235.1
236.4
237.7
239
240.3
241.7
243
244.4
244.8
246.2
247.5
248.9
250.3
251.6
253
254.3
255.6
257
258.3
259.7
261.1
262.4
263.8
265.1
266.5
267.8
269.2
270.5
271.8
273.1
274.5
275.8
277.2
278.5
279.9
281.3
282.6
283.9
285.1
286.3
287.6
289.6
290.9
292.3
293.6
295
296.3
297.6
298.9
300.2
301.6
302.9
304.3
305.7
307.1
308.5
309.9
311.3
312.7
314.2
315.6
317
318.4
319.7
321.1
322.6
324
325.3
327.1
328.5
329.9
331.3
332.7
334.1
335.6
337
338.4
339.7
341
342.4
343.9
345.4
346.8
348.2
349.6
351
352.3
353.6
354.9
356.2
357.5
358.9
360.3
361.6
362.9
364.2
365.4
366.6
367.9
360.6
361.9
363.3
364.8
366.1
367.5
368.9
370.2
371.6
373
374.5
375.8
377.3
378.8
380.3
381.7
383.1
384.4
385.9
387.3
388.8
390.2
391.7
393.2
394.6
396
397.4
398.9
400.2
401.5
402.9
404.4
405.9
407.4
408.8
410
