Date:	2023-08-22		
Time:	17:06		
Sample name:	DP1_DP2_NEB8A		
Position:	140.000049	mm	
Sample surface:	6.054879	cm	
Tube anode:	Mo		
Tube voltage:	30	kV	
Tube current:	30	mA	
Comments	not in position		
Gain	0.060000		
peaking_time	1.500000	m-sec	
trigger_threshold	653.076172	V	
mca_bin_width	17.500000	no:	
number_mca_channels	1024.000000	no:	
gap_time	0.080000	m-sec	
trigger_peaking_time	0.060000	m-sec	
livetime	7.604720	seconds	
runtime	10.007297	seconds	
input_count_rate	39628.521614	cps	
output_count_rate	30113.925989	cps	
triggers	0	seconds	
events_in_run	0	seconds	
channel	content		
 1.00	 0.00
 2.00	 0.00
 3.00	 0.00
 4.00	 0.00
 5.00	 0.00
 6.00	 0.00
 7.00	 0.00
 8.00	 0.00
 9.00	 0.00
10.00	 0.00
11.00	 0.00
12.00	 0.00
13.00	 0.00
14.00	 0.00
15.00	 0.00
16.00	 0.00
17.00	 0.00
18.00	 0.00
19.00	 0.00
20.00	 0.00
21.00	 0.00
22.00	 0.00
23.00	 0.00
24.00	 0.00
25.00	 0.00
26.00	 0.00
27.00	 0.00
28.00	 0.00
29.00	 0.00
30.00	 0.00
31.00	 0.00
32.00	 0.00
33.00	 0.00
34.00	 0.00
35.00	 0.00
36.00	 0.00
37.00	 0.00
38.00	 0.00
39.00	 1.00
40.00	 1.00
41.00	 0.00
42.00	 0.00
43.00	 0.00
44.00	 1.00
45.00	 0.00
46.00	 5.00
47.00	 3.00
48.00	 6.00
49.00	 8.00
50.00	 6.00
51.00	10.00
52.00	 9.00
53.00	16.00
54.00	23.00
55.00	14.00
56.00	18.00
57.00	21.00
58.00	19.00
59.00	30.00
60.00	35.00
61.00	29.00
62.00	29.00
63.00	57.00
64.00	51.00
65.00	41.00
66.00	40.00
67.00	46.00
68.00	41.00
69.00	60.00
70.00	61.00
71.00	56.00
72.00	48.00
73.00	57.00
74.00	64.00
75.00	60.00
76.00	43.00
77.00	42.00
78.00	46.00
79.00	32.00
80.00	53.00
81.00	58.00
82.00	42.00
83.00	58.00
84.00	56.00
85.00	57.00
86.00	66.00
87.00	72.00
88.00	55.00
89.00	71.00
90.00	41.00
91.00	59.00
92.00	43.00
93.00	48.00
94.00	54.00
95.00	49.00
96.00	66.00
97.00	53.00
98.00	68.00
99.00	72.00
100.00	72.00
101.00	67.00
102.00	94.00
103.00	75.00
104.00	65.00
105.00	46.00
106.00	55.00
107.00	45.00
108.00	36.00
109.00	55.00
110.00	54.00
111.00	51.00
112.00	54.00
113.00	59.00
114.00	45.00
115.00	39.00
116.00	28.00
117.00	44.00
118.00	35.00
119.00	34.00
120.00	33.00
121.00	35.00
122.00	33.00
123.00	31.00
124.00	40.00
125.00	26.00
126.00	25.00
127.00	43.00
128.00	26.00
129.00	39.00
130.00	37.00
131.00	43.00
132.00	45.00
133.00	43.00
134.00	52.00
135.00	36.00
136.00	31.00
137.00	29.00
138.00	31.00
139.00	30.00
140.00	21.00
141.00	22.00
142.00	27.00
143.00	28.00
144.00	24.00
145.00	25.00
146.00	22.00
147.00	19.00
148.00	17.00
149.00	32.00
150.00	25.00
151.00	21.00
152.00	28.00
153.00	38.00
154.00	38.00
155.00	37.00
156.00	37.00
157.00	29.00
158.00	36.00
159.00	30.00
160.00	45.00
161.00	33.00
162.00	41.00
163.00	34.00
164.00	36.00
165.00	60.00
166.00	63.00
167.00	86.00
168.00	81.00
169.00	107.00
170.00	115.00
171.00	108.00
172.00	87.00
173.00	84.00
174.00	74.00
175.00	58.00
176.00	41.00
177.00	36.00
178.00	35.00
179.00	27.00
180.00	30.00
181.00	36.00
182.00	48.00
183.00	64.00
184.00	75.00
185.00	87.00
186.00	145.00
187.00	158.00
188.00	205.00
189.00	208.00
190.00	231.00
191.00	250.00
192.00	220.00
193.00	190.00
194.00	152.00
195.00	129.00
196.00	88.00
197.00	70.00
198.00	48.00
199.00	43.00
200.00	39.00
201.00	44.00
202.00	84.00
203.00	98.00
204.00	138.00
205.00	221.00
206.00	321.00
207.00	401.00
208.00	572.00
209.00	656.00
210.00	893.00
211.00	987.00
212.00	989.00
213.00	997.00
214.00	885.00
215.00	732.00
216.00	553.00
217.00	431.00
218.00	295.00
219.00	182.00
220.00	116.00
221.00	84.00
222.00	74.00
223.00	58.00
224.00	62.00
225.00	76.00
226.00	111.00
227.00	123.00
228.00	134.00
229.00	170.00
230.00	187.00
231.00	178.00
232.00	163.00
233.00	166.00
234.00	111.00
235.00	103.00
236.00	77.00
237.00	65.00
238.00	47.00
239.00	36.00
240.00	30.00
241.00	21.00
242.00	25.00
243.00	18.00
244.00	32.00
245.00	36.00
246.00	30.00
247.00	56.00
248.00	76.00
249.00	109.00
250.00	173.00
251.00	240.00
252.00	381.00
253.00	602.00
254.00	884.00
255.00	1145.00
256.00	1373.00
257.00	1609.00
258.00	1800.00
259.00	1878.00
260.00	1817.00
261.00	1630.00
262.00	1411.00
263.00	1146.00
264.00	860.00
265.00	640.00
266.00	448.00
267.00	362.00
268.00	245.00
269.00	187.00
270.00	139.00
271.00	138.00
272.00	118.00
273.00	98.00
274.00	76.00
275.00	121.00
276.00	128.00
277.00	169.00
278.00	192.00
279.00	264.00
280.00	303.00
281.00	357.00
282.00	358.00
283.00	422.00
284.00	376.00
285.00	365.00
286.00	286.00
287.00	278.00
288.00	212.00
289.00	168.00
290.00	102.00
291.00	99.00
292.00	91.00
293.00	69.00
294.00	73.00
295.00	56.00
296.00	49.00
297.00	61.00
298.00	72.00
299.00	53.00
300.00	76.00
301.00	80.00
302.00	74.00
303.00	97.00
304.00	108.00
305.00	83.00
306.00	105.00
307.00	90.00
308.00	89.00
309.00	96.00
310.00	89.00
311.00	108.00
312.00	83.00
313.00	110.00
314.00	89.00
315.00	69.00
316.00	82.00
317.00	93.00
318.00	74.00
319.00	63.00
320.00	71.00
321.00	75.00
322.00	69.00
323.00	72.00
324.00	76.00
325.00	75.00
326.00	89.00
327.00	89.00
328.00	84.00
329.00	107.00
330.00	115.00
331.00	132.00
332.00	143.00
333.00	167.00
334.00	162.00
335.00	225.00
336.00	234.00
337.00	266.00
338.00	241.00
339.00	261.00
340.00	231.00
341.00	237.00
342.00	216.00
343.00	180.00
344.00	181.00
345.00	146.00
346.00	162.00
347.00	163.00
348.00	144.00
349.00	180.00
350.00	191.00
351.00	225.00
352.00	261.00
353.00	319.00
354.00	521.00
355.00	821.00
356.00	1237.00
357.00	2107.00
358.00	3213.00
359.00	4961.00
360.00	7521.00
361.00	10813.00
362.00	14923.00
363.00	19034.00
364.00	23029.00
365.00	26702.00
366.00	28966.00
367.00	29703.00
368.00	28445.00
369.00	26116.00
370.00	22434.00
371.00	18280.00
372.00	14152.00
373.00	10285.00
374.00	6982.00
375.00	4700.00
376.00	2867.00
377.00	1788.00
378.00	1097.00
379.00	630.00
380.00	467.00
381.00	305.00
382.00	237.00
383.00	224.00
384.00	230.00
385.00	209.00
386.00	266.00
387.00	241.00
388.00	272.00
389.00	264.00
390.00	308.00
391.00	349.00
392.00	418.00
393.00	475.00
394.00	675.00
395.00	870.00
396.00	1130.00
397.00	1462.00
398.00	1994.00
399.00	2585.00
400.00	3232.00
401.00	3788.00
402.00	4461.00
403.00	4872.00
404.00	5138.00
405.00	5072.00
406.00	4858.00
407.00	4195.00
408.00	3674.00
409.00	2860.00
410.00	2330.00
411.00	1693.00
412.00	1175.00
413.00	801.00
414.00	644.00
415.00	395.00
416.00	294.00
417.00	235.00
418.00	216.00
419.00	213.00
420.00	211.00
421.00	221.00
422.00	234.00
423.00	223.00
424.00	213.00
425.00	214.00
426.00	290.00
427.00	265.00
428.00	264.00
429.00	243.00
430.00	267.00
431.00	278.00
432.00	266.00
433.00	243.00
434.00	245.00
435.00	220.00
436.00	198.00
437.00	241.00
438.00	222.00
439.00	200.00
440.00	214.00
441.00	233.00
442.00	236.00
443.00	211.00
444.00	253.00
445.00	207.00
446.00	227.00
447.00	207.00
448.00	212.00
449.00	253.00
450.00	228.00
451.00	249.00
452.00	269.00
453.00	255.00
454.00	306.00
455.00	294.00
456.00	282.00
457.00	332.00
458.00	314.00
459.00	321.00
460.00	317.00
461.00	370.00
462.00	325.00
463.00	308.00
464.00	302.00
465.00	328.00
466.00	338.00
467.00	298.00
468.00	292.00
469.00	313.00
470.00	319.00
471.00	327.00
472.00	285.00
473.00	336.00
474.00	324.00
475.00	354.00
476.00	359.00
477.00	341.00
478.00	365.00
479.00	356.00
480.00	370.00
481.00	374.00
482.00	366.00
483.00	345.00
484.00	394.00
485.00	374.00
486.00	347.00
487.00	387.00
488.00	411.00
489.00	435.00
490.00	462.00
491.00	503.00
492.00	545.00
493.00	549.00
494.00	529.00
495.00	570.00
496.00	579.00
497.00	558.00
498.00	493.00
499.00	491.00
500.00	477.00
501.00	435.00
502.00	412.00
503.00	417.00
504.00	392.00
505.00	379.00
506.00	387.00
507.00	368.00
508.00	382.00
509.00	367.00
510.00	383.00
511.00	393.00
512.00	362.00
513.00	412.00
514.00	410.00
515.00	390.00
516.00	398.00
517.00	410.00
518.00	407.00
519.00	412.00
520.00	377.00
521.00	424.00
522.00	432.00
523.00	456.00
524.00	431.00
525.00	437.00
526.00	456.00
527.00	455.00
528.00	498.00
529.00	484.00
530.00	487.00
531.00	497.00
532.00	463.00
533.00	493.00
534.00	454.00
535.00	485.00
536.00	476.00
537.00	498.00
538.00	484.00
539.00	489.00
540.00	475.00
541.00	540.00
542.00	502.00
543.00	499.00
544.00	537.00
545.00	509.00
546.00	533.00
547.00	548.00
548.00	539.00
549.00	560.00
550.00	576.00
551.00	557.00
552.00	501.00
553.00	548.00
554.00	606.00
555.00	568.00
556.00	569.00
557.00	505.00
558.00	552.00
559.00	532.00
560.00	549.00
561.00	524.00
562.00	541.00
563.00	544.00
564.00	546.00
565.00	513.00
566.00	580.00
567.00	534.00
568.00	568.00
569.00	564.00
570.00	513.00
571.00	530.00
572.00	493.00
573.00	559.00
574.00	540.00
575.00	551.00
576.00	545.00
577.00	544.00
578.00	519.00
579.00	509.00
580.00	562.00
581.00	551.00
582.00	534.00
583.00	523.00
584.00	552.00
585.00	568.00
586.00	558.00
587.00	540.00
588.00	556.00
589.00	582.00
590.00	568.00
591.00	580.00
592.00	541.00
593.00	563.00
594.00	638.00
595.00	607.00
596.00	625.00
597.00	597.00
598.00	594.00
599.00	592.00
600.00	621.00
601.00	649.00
602.00	592.00
603.00	659.00
604.00	597.00
605.00	602.00
606.00	636.00
607.00	596.00
608.00	623.00
609.00	626.00
610.00	644.00
611.00	594.00
612.00	642.00
613.00	638.00
614.00	658.00
615.00	664.00
616.00	609.00
617.00	649.00
618.00	666.00
619.00	664.00
620.00	660.00
621.00	611.00
622.00	679.00
623.00	651.00
624.00	692.00
625.00	695.00
626.00	671.00
627.00	670.00
628.00	726.00
629.00	709.00
630.00	710.00
631.00	744.00
632.00	696.00
633.00	738.00
634.00	731.00
635.00	664.00
636.00	687.00
637.00	646.00
638.00	707.00
639.00	683.00
640.00	678.00
641.00	674.00
642.00	702.00
643.00	746.00
644.00	714.00
645.00	708.00
646.00	727.00
647.00	695.00
648.00	705.00
649.00	736.00
650.00	725.00
651.00	715.00
652.00	697.00
653.00	773.00
654.00	770.00
655.00	783.00
656.00	752.00
657.00	777.00
658.00	772.00
659.00	744.00
660.00	727.00
661.00	746.00
662.00	776.00
663.00	818.00
664.00	741.00
665.00	773.00
666.00	775.00
667.00	706.00
668.00	775.00
669.00	762.00
670.00	789.00
671.00	856.00
672.00	833.00
673.00	812.00
674.00	835.00
675.00	867.00
676.00	887.00
677.00	904.00
678.00	917.00
679.00	883.00
680.00	930.00
681.00	928.00
682.00	898.00
683.00	906.00
684.00	1023.00
685.00	892.00
686.00	909.00
687.00	847.00
688.00	892.00
689.00	848.00
690.00	886.00
691.00	875.00
692.00	846.00
693.00	833.00
694.00	800.00
695.00	814.00
696.00	780.00
697.00	814.00
698.00	814.00
699.00	875.00
700.00	832.00
701.00	790.00
702.00	848.00
703.00	838.00
704.00	873.00
705.00	845.00
706.00	815.00
707.00	864.00
708.00	882.00
709.00	854.00
710.00	841.00
711.00	896.00
712.00	886.00
713.00	855.00
714.00	869.00
715.00	788.00
716.00	874.00
717.00	870.00
718.00	810.00
719.00	905.00
720.00	845.00
721.00	936.00
722.00	887.00
723.00	882.00
724.00	908.00
725.00	931.00
726.00	877.00
727.00	846.00
728.00	891.00
729.00	827.00
730.00	907.00
731.00	899.00
732.00	884.00
733.00	914.00
734.00	917.00
735.00	883.00
736.00	930.00
737.00	909.00
738.00	848.00
739.00	937.00
740.00	908.00
741.00	905.00
742.00	996.00
743.00	888.00
744.00	923.00
745.00	960.00
746.00	895.00
747.00	892.00
748.00	908.00
749.00	889.00
750.00	882.00
751.00	992.00
752.00	883.00
753.00	932.00
754.00	950.00
755.00	960.00
756.00	995.00
757.00	988.00
758.00	1018.00
759.00	954.00
760.00	1003.00
761.00	1011.00
762.00	987.00
763.00	1028.00
764.00	1022.00
765.00	963.00
766.00	1027.00
767.00	985.00
768.00	997.00
769.00	1054.00
770.00	1013.00
771.00	994.00
772.00	954.00
773.00	1040.00
774.00	916.00
775.00	1003.00
776.00	1009.00
777.00	972.00
778.00	917.00
779.00	964.00
780.00	985.00
781.00	955.00
782.00	949.00
783.00	920.00
784.00	1012.00
785.00	987.00
786.00	969.00
787.00	960.00
788.00	915.00
789.00	985.00
790.00	1009.00
791.00	976.00
792.00	1034.00
793.00	1043.00
794.00	1018.00
795.00	1018.00
796.00	1119.00
797.00	1102.00
798.00	1113.00
799.00	1283.00
800.00	1291.00
801.00	1363.00
802.00	1513.00
803.00	1610.00
804.00	1781.00
805.00	1982.00
806.00	1958.00
807.00	2071.00
808.00	2130.00
809.00	2179.00
810.00	2062.00
811.00	2156.00
812.00	1968.00
813.00	1918.00
814.00	1710.00
815.00	1657.00
816.00	1434.00
817.00	1354.00
818.00	1281.00
819.00	1237.00
820.00	1148.00
821.00	1094.00
822.00	1057.00
823.00	945.00
824.00	963.00
825.00	946.00
826.00	994.00
827.00	993.00
828.00	968.00
829.00	930.00
830.00	1030.00
831.00	947.00
832.00	961.00
833.00	982.00
834.00	968.00
835.00	961.00
836.00	966.00
837.00	947.00
838.00	933.00
839.00	971.00
840.00	967.00
841.00	973.00
842.00	997.00
843.00	979.00
844.00	981.00
845.00	995.00
846.00	998.00
847.00	995.00
848.00	1022.00
849.00	1050.00
850.00	1000.00
851.00	984.00
852.00	1070.00
853.00	1052.00
854.00	1033.00
855.00	1072.00
856.00	980.00
857.00	1043.00
858.00	1062.00
859.00	1090.00
860.00	1022.00
861.00	987.00
862.00	951.00
863.00	1064.00
864.00	981.00
865.00	1007.00
866.00	977.00
867.00	991.00
868.00	903.00
869.00	1019.00
870.00	1008.00
871.00	1009.00
872.00	1055.00
873.00	1026.00
874.00	1026.00
875.00	996.00
876.00	987.00
877.00	998.00
878.00	1057.00
879.00	1075.00
880.00	1008.00
881.00	1094.00
882.00	1033.00
883.00	1044.00
884.00	1009.00
885.00	1090.00
886.00	1077.00
887.00	1158.00
888.00	1099.00
889.00	1057.00
890.00	1141.00
891.00	1195.00
892.00	1200.00
893.00	1251.00
894.00	1277.00
895.00	1345.00
896.00	1428.00
897.00	1400.00
898.00	1463.00
899.00	1566.00
900.00	1605.00
901.00	1570.00
902.00	1638.00
903.00	1616.00
904.00	1579.00
905.00	1603.00
906.00	1653.00
907.00	1576.00
908.00	1549.00
909.00	1558.00
910.00	1564.00
911.00	1543.00
912.00	1582.00
913.00	1479.00
914.00	1557.00
915.00	1576.00
916.00	1606.00
917.00	1675.00
918.00	1681.00
919.00	1741.00
920.00	1903.00
921.00	2015.00
922.00	1884.00
923.00	2053.00
924.00	2193.00
925.00	2374.00
926.00	2369.00
927.00	2517.00
928.00	2637.00
929.00	2886.00
930.00	2914.00
931.00	3102.00
932.00	3195.00
933.00	3356.00
934.00	3451.00
935.00	3606.00
936.00	3734.00
937.00	3828.00
938.00	3884.00
939.00	3874.00
940.00	3981.00
941.00	3990.00
942.00	4004.00
943.00	3994.00
944.00	3943.00
945.00	3899.00
946.00	3845.00
947.00	3761.00
948.00	3715.00
949.00	3609.00
950.00	3527.00
951.00	3343.00
952.00	3326.00
953.00	3070.00
954.00	2925.00
955.00	2904.00
956.00	2633.00
957.00	2506.00
958.00	2328.00
959.00	2214.00
960.00	2093.00
961.00	2022.00
962.00	1827.00
963.00	1861.00
964.00	1664.00
965.00	1583.00
966.00	1547.00
967.00	1468.00
968.00	1408.00
969.00	1335.00
970.00	1242.00
971.00	1241.00
972.00	1183.00
973.00	1142.00
974.00	1132.00
975.00	1075.00
976.00	1159.00
977.00	1091.00
978.00	1014.00
979.00	988.00
980.00	1002.00
981.00	1026.00
982.00	991.00
983.00	1061.00
984.00	1125.00
985.00	1200.00
986.00	1298.00
987.00	1383.00
988.00	1496.00
989.00	1634.00
990.00	1669.00
991.00	1885.00
992.00	1951.00
993.00	2076.00
994.00	2166.00
995.00	2312.00
996.00	2333.00
997.00	2352.00
998.00	2364.00
999.00	2316.00
1000.00	2334.00
1001.00	2108.00
1002.00	1996.00
1003.00	1842.00
1004.00	1798.00
1005.00	1588.00
1006.00	1450.00
1007.00	1308.00
1008.00	1111.00
1009.00	1008.00
1010.00	993.00
1011.00	882.00
1012.00	808.00
1013.00	809.00
1014.00	798.00
1015.00	757.00
1016.00	754.00
1017.00	763.00
1018.00	725.00
1019.00	758.00
1020.00	743.00
1021.00	704.00
1022.00	750.00
1023.00	721.00
1024.00	729.00
