Date:	2023-08-23		
Time:	10:12		
Sample name:	MI1A_B_C		
Position:	72.000049	mm	
Sample surface:	4.864494	cm	
Tube anode:	Mo		
Tube voltage:	30	kV	
Tube current:	30	mA	
Comments	not in position		
Gain	0.060000		
peaking_time	1.500000	m-sec	
trigger_threshold	653.076172	V	
mca_bin_width	17.500000	no:	
number_mca_channels	1024.000000	no:	
gap_time	0.080000	m-sec	
trigger_peaking_time	0.060000	m-sec	
livetime	6.204432	seconds	
runtime	10.007547	seconds	
input_count_rate	67994.069604	cps	
output_count_rate	42153.687118	cps	
triggers	0	seconds	
events_in_run	0	seconds	
channel	content		
 1.00	 0.00
 2.00	 0.00
 3.00	 0.00
 4.00	 0.00
 5.00	 0.00
 6.00	 0.00
 7.00	 0.00
 8.00	 0.00
 9.00	 0.00
10.00	 0.00
11.00	 0.00
12.00	 0.00
13.00	 0.00
14.00	 0.00
15.00	 0.00
16.00	 0.00
17.00	 0.00
18.00	 0.00
19.00	 0.00
20.00	 0.00
21.00	 0.00
22.00	 0.00
23.00	 0.00
24.00	 0.00
25.00	 0.00
26.00	 0.00
27.00	 0.00
28.00	 0.00
29.00	 0.00
30.00	 0.00
31.00	 0.00
32.00	 0.00
33.00	 0.00
34.00	 3.00
35.00	 1.00
36.00	 0.00
37.00	 4.00
38.00	 6.00
39.00	 4.00
40.00	11.00
41.00	12.00
42.00	11.00
43.00	22.00
44.00	34.00
45.00	38.00
46.00	56.00
47.00	74.00
48.00	92.00
49.00	126.00
50.00	175.00
51.00	192.00
52.00	263.00
53.00	301.00
54.00	375.00
55.00	414.00
56.00	524.00
57.00	549.00
58.00	644.00
59.00	722.00
60.00	808.00
61.00	896.00
62.00	893.00
63.00	941.00
64.00	1032.00
65.00	1135.00
66.00	1166.00
67.00	1192.00
68.00	1218.00
69.00	1293.00
70.00	1298.00
71.00	1298.00
72.00	1255.00
73.00	1363.00
74.00	1207.00
75.00	1230.00
76.00	1246.00
77.00	1233.00
78.00	1224.00
79.00	1273.00
80.00	1244.00
81.00	1231.00
82.00	1234.00
83.00	1195.00
84.00	1249.00
85.00	1287.00
86.00	1234.00
87.00	1179.00
88.00	1162.00
89.00	1152.00
90.00	1014.00
91.00	1031.00
92.00	971.00
93.00	911.00
94.00	992.00
95.00	923.00
96.00	959.00
97.00	868.00
98.00	870.00
99.00	929.00
100.00	905.00
101.00	953.00
102.00	914.00
103.00	930.00
104.00	888.00
105.00	840.00
106.00	885.00
107.00	883.00
108.00	821.00
109.00	851.00
110.00	818.00
111.00	815.00
112.00	757.00
113.00	746.00
114.00	815.00
115.00	799.00
116.00	761.00
117.00	749.00
118.00	748.00
119.00	730.00
120.00	708.00
121.00	709.00
122.00	674.00
123.00	689.00
124.00	632.00
125.00	648.00
126.00	585.00
127.00	608.00
128.00	605.00
129.00	619.00
130.00	615.00
131.00	599.00
132.00	572.00
133.00	588.00
134.00	540.00
135.00	585.00
136.00	534.00
137.00	542.00
138.00	518.00
139.00	512.00
140.00	504.00
141.00	508.00
142.00	460.00
143.00	467.00
144.00	481.00
145.00	484.00
146.00	468.00
147.00	426.00
148.00	506.00
149.00	470.00
150.00	425.00
151.00	505.00
152.00	478.00
153.00	442.00
154.00	441.00
155.00	468.00
156.00	447.00
157.00	362.00
158.00	392.00
159.00	414.00
160.00	380.00
161.00	377.00
162.00	480.00
163.00	505.00
164.00	560.00
165.00	594.00
166.00	664.00
167.00	850.00
168.00	978.00
169.00	1099.00
170.00	1091.00
171.00	1083.00
172.00	1019.00
173.00	882.00
174.00	772.00
175.00	661.00
176.00	599.00
177.00	466.00
178.00	438.00
179.00	426.00
180.00	379.00
181.00	428.00
182.00	432.00
183.00	428.00
184.00	404.00
185.00	478.00
186.00	437.00
187.00	479.00
188.00	388.00
189.00	409.00
190.00	378.00
191.00	360.00
192.00	386.00
193.00	371.00
194.00	365.00
195.00	339.00
196.00	325.00
197.00	354.00
198.00	335.00
199.00	299.00
200.00	310.00
201.00	335.00
202.00	354.00
203.00	367.00
204.00	374.00
205.00	409.00
206.00	431.00
207.00	529.00
208.00	532.00
209.00	623.00
210.00	687.00
211.00	747.00
212.00	714.00
213.00	768.00
214.00	697.00
215.00	615.00
216.00	606.00
217.00	468.00
218.00	406.00
219.00	382.00
220.00	329.00
221.00	313.00
222.00	332.00
223.00	334.00
224.00	325.00
225.00	335.00
226.00	351.00
227.00	361.00
228.00	341.00
229.00	357.00
230.00	391.00
231.00	393.00
232.00	362.00
233.00	342.00
234.00	384.00
235.00	310.00
236.00	343.00
237.00	329.00
238.00	338.00
239.00	298.00
240.00	323.00
241.00	312.00
242.00	318.00
243.00	311.00
244.00	362.00
245.00	350.00
246.00	356.00
247.00	335.00
248.00	318.00
249.00	339.00
250.00	348.00
251.00	392.00
252.00	400.00
253.00	393.00
254.00	407.00
255.00	458.00
256.00	472.00
257.00	476.00
258.00	516.00
259.00	535.00
260.00	566.00
261.00	582.00
262.00	590.00
263.00	648.00
264.00	644.00
265.00	694.00
266.00	705.00
267.00	733.00
268.00	705.00
269.00	709.00
270.00	708.00
271.00	642.00
272.00	573.00
273.00	557.00
274.00	545.00
275.00	547.00
276.00	544.00
277.00	551.00
278.00	524.00
279.00	566.00
280.00	551.00
281.00	585.00
282.00	554.00
283.00	602.00
284.00	621.00
285.00	583.00
286.00	649.00
287.00	641.00
288.00	661.00
289.00	636.00
290.00	612.00
291.00	641.00
292.00	668.00
293.00	683.00
294.00	683.00
295.00	700.00
296.00	709.00
297.00	715.00
298.00	758.00
299.00	783.00
300.00	766.00
301.00	826.00
302.00	829.00
303.00	844.00
304.00	832.00
305.00	918.00
306.00	881.00
307.00	1012.00
308.00	968.00
309.00	1046.00
310.00	957.00
311.00	1053.00
312.00	1013.00
313.00	1026.00
314.00	1018.00
315.00	999.00
316.00	1002.00
317.00	1023.00
318.00	1033.00
319.00	1014.00
320.00	1019.00
321.00	1067.00
322.00	1035.00
323.00	1093.00
324.00	1053.00
325.00	1106.00
326.00	1108.00
327.00	1185.00
328.00	1222.00
329.00	1196.00
330.00	1269.00
331.00	1253.00
332.00	1292.00
333.00	1345.00
334.00	1370.00
335.00	1430.00
336.00	1414.00
337.00	1420.00
338.00	1511.00
339.00	1477.00
340.00	1543.00
341.00	1559.00
342.00	1478.00
343.00	1589.00
344.00	1523.00
345.00	1563.00
346.00	1601.00
347.00	1584.00
348.00	1650.00
349.00	1661.00
350.00	1805.00
351.00	1901.00
352.00	2098.00
353.00	2347.00
354.00	2732.00
355.00	3477.00
356.00	4748.00
357.00	6970.00
358.00	10319.00
359.00	15130.00
360.00	21709.00
361.00	30318.00
362.00	40578.00
363.00	51436.00
364.00	62391.00
365.00	71414.00
366.00	76868.00
367.00	79368.00
368.00	77150.00
369.00	70598.00
370.00	61319.00
371.00	50197.00
372.00	39177.00
373.00	29305.00
374.00	20678.00
375.00	14339.00
376.00	9981.00
377.00	6634.00
378.00	4720.00
379.00	3646.00
380.00	3069.00
381.00	2852.00
382.00	2750.00
383.00	2683.00
384.00	2804.00
385.00	2693.00
386.00	2693.00
387.00	2828.00
388.00	2891.00
389.00	2953.00
390.00	3096.00
391.00	3198.00
392.00	3287.00
393.00	3772.00
394.00	3974.00
395.00	4786.00
396.00	5512.00
397.00	6330.00
398.00	7617.00
399.00	9484.00
400.00	11160.00
401.00	12881.00
402.00	14544.00
403.00	15623.00
404.00	16157.00
405.00	16010.00
406.00	15575.00
407.00	14152.00
408.00	12376.00
409.00	10543.00
410.00	9041.00
411.00	7519.00
412.00	6313.00
413.00	5232.00
414.00	4579.00
415.00	4336.00
416.00	3987.00
417.00	3977.00
418.00	3899.00
419.00	3939.00
420.00	4003.00
421.00	4195.00
422.00	4316.00
423.00	4523.00
424.00	4756.00
425.00	4932.00
426.00	5257.00
427.00	5325.00
428.00	5401.00
429.00	5409.00
430.00	5413.00
431.00	5252.00
432.00	5238.00
433.00	4995.00
434.00	4884.00
435.00	4696.00
436.00	4824.00
437.00	4654.00
438.00	4684.00
439.00	4674.00
440.00	4726.00
441.00	4682.00
442.00	4657.00
443.00	4784.00
444.00	4869.00
445.00	4967.00
446.00	4853.00
447.00	5158.00
448.00	5188.00
449.00	5112.00
450.00	5217.00
451.00	5257.00
452.00	5361.00
453.00	5379.00
454.00	5555.00
455.00	5611.00
456.00	5695.00
457.00	5921.00
458.00	6088.00
459.00	6228.00
460.00	6209.00
461.00	6455.00
462.00	6588.00
463.00	6571.00
464.00	6745.00
465.00	6924.00
466.00	6840.00
467.00	7034.00
468.00	7056.00
469.00	7049.00
470.00	7135.00
471.00	7171.00
472.00	7295.00
473.00	7207.00
474.00	7137.00
475.00	7371.00
476.00	7320.00
477.00	7427.00
478.00	7360.00
479.00	7487.00
480.00	7633.00
481.00	7530.00
482.00	7380.00
483.00	7513.00
484.00	7399.00
485.00	7512.00
486.00	7368.00
487.00	7107.00
488.00	7132.00
489.00	7288.00
490.00	7367.00
491.00	7249.00
492.00	7265.00
493.00	7408.00
494.00	7385.00
495.00	7313.00
496.00	7457.00
497.00	7579.00
498.00	7521.00
499.00	7601.00
500.00	7598.00
501.00	7743.00
502.00	7710.00
503.00	7924.00
504.00	8112.00
505.00	8114.00
506.00	7991.00
507.00	8078.00
508.00	8095.00
509.00	8349.00
510.00	8417.00
511.00	8337.00
512.00	8518.00
513.00	8625.00
514.00	8466.00
515.00	8747.00
516.00	8730.00
517.00	8972.00
518.00	8847.00
519.00	8892.00
520.00	8870.00
521.00	9252.00
522.00	9321.00
523.00	9339.00
524.00	9387.00
525.00	9570.00
526.00	9590.00
527.00	9744.00
528.00	9767.00
529.00	10042.00
530.00	10034.00
531.00	10013.00
532.00	10311.00
533.00	10357.00
534.00	10485.00
535.00	10666.00
536.00	10769.00
537.00	10914.00
538.00	10802.00
539.00	10893.00
540.00	11141.00
541.00	11073.00
542.00	11281.00
543.00	11273.00
544.00	11434.00
545.00	11404.00
546.00	11641.00
547.00	11484.00
548.00	11570.00
549.00	11682.00
550.00	12000.00
551.00	11797.00
552.00	11958.00
553.00	12097.00
554.00	12115.00
555.00	12117.00
556.00	12080.00
557.00	12331.00
558.00	12210.00
559.00	12200.00
560.00	12185.00
561.00	12219.00
562.00	12302.00
563.00	12179.00
564.00	12205.00
565.00	12381.00
566.00	12562.00
567.00	12472.00
568.00	12714.00
569.00	12516.00
570.00	12692.00
571.00	12831.00
572.00	12842.00
573.00	12671.00
574.00	12778.00
575.00	13013.00
576.00	12841.00
577.00	12783.00
578.00	13015.00
579.00	13051.00
580.00	13034.00
581.00	13254.00
582.00	13250.00
583.00	13280.00
584.00	13447.00
585.00	13559.00
586.00	13326.00
587.00	13709.00
588.00	13735.00
589.00	13776.00
590.00	13802.00
591.00	13960.00
592.00	14058.00
593.00	13895.00
594.00	14205.00
595.00	14188.00
596.00	14048.00
597.00	14135.00
598.00	14485.00
599.00	14451.00
600.00	14296.00
601.00	14302.00
602.00	14624.00
603.00	14663.00
604.00	14856.00
605.00	14740.00
606.00	14905.00
607.00	14890.00
608.00	15136.00
609.00	15279.00
610.00	15409.00
611.00	15477.00
612.00	15312.00
613.00	15425.00
614.00	15455.00
615.00	15545.00
616.00	15938.00
617.00	15797.00
618.00	15895.00
619.00	16060.00
620.00	15974.00
621.00	15781.00
622.00	16113.00
623.00	16042.00
624.00	16330.00
625.00	16263.00
626.00	16608.00
627.00	16388.00
628.00	16570.00
629.00	16686.00
630.00	16777.00
631.00	16722.00
632.00	16904.00
633.00	16865.00
634.00	17026.00
635.00	17019.00
636.00	17153.00
637.00	17218.00
638.00	17080.00
639.00	17364.00
640.00	17045.00
641.00	17279.00
642.00	17874.00
643.00	17779.00
644.00	17711.00
645.00	17659.00
646.00	17817.00
647.00	17980.00
648.00	17904.00
649.00	17975.00
650.00	18247.00
651.00	17982.00
652.00	18240.00
653.00	18235.00
654.00	18421.00
655.00	18482.00
656.00	18599.00
657.00	18620.00
658.00	18622.00
659.00	18778.00
660.00	18759.00
661.00	18763.00
662.00	19057.00
663.00	19066.00
664.00	18891.00
665.00	19080.00
666.00	19361.00
667.00	19400.00
668.00	19645.00
669.00	19705.00
670.00	20067.00
671.00	20619.00
672.00	21179.00
673.00	21472.00
674.00	22437.00
675.00	23580.00
676.00	24800.00
677.00	25668.00
678.00	26040.00
679.00	27315.00
680.00	27632.00
681.00	28008.00
682.00	27788.00
683.00	27904.00
684.00	27307.00
685.00	26870.00
686.00	25982.00
687.00	24946.00
688.00	24325.00
689.00	23372.00
690.00	22810.00
691.00	22164.00
692.00	21986.00
693.00	21225.00
694.00	21335.00
695.00	21247.00
696.00	20854.00
697.00	20983.00
698.00	21147.00
699.00	21015.00
700.00	21377.00
701.00	21430.00
702.00	21029.00
703.00	21666.00
704.00	21651.00
705.00	21630.00
706.00	21553.00
707.00	21689.00
708.00	21689.00
709.00	21739.00
710.00	21874.00
711.00	21914.00
712.00	21904.00
713.00	21867.00
714.00	22008.00
715.00	22228.00
716.00	22041.00
717.00	22235.00
718.00	21993.00
719.00	22343.00
720.00	22351.00
721.00	22468.00
722.00	22492.00
723.00	22178.00
724.00	22387.00
725.00	22867.00
726.00	22829.00
727.00	22669.00
728.00	22733.00
729.00	22881.00
730.00	22874.00
731.00	22890.00
732.00	23043.00
733.00	23084.00
734.00	23271.00
735.00	23192.00
736.00	22872.00
737.00	23224.00
738.00	23387.00
739.00	23287.00
740.00	23288.00
741.00	23523.00
742.00	23606.00
743.00	23516.00
744.00	23447.00
745.00	23495.00
746.00	23652.00
747.00	23876.00
748.00	23801.00
749.00	23667.00
750.00	24096.00
751.00	23990.00
752.00	24393.00
753.00	24556.00
754.00	24614.00
755.00	24910.00
756.00	25181.00
757.00	25148.00
758.00	25450.00
759.00	25655.00
760.00	25779.00
761.00	25502.00
762.00	25675.00
763.00	25376.00
764.00	25310.00
765.00	25512.00
766.00	24926.00
767.00	24980.00
768.00	24886.00
769.00	24903.00
770.00	24720.00
771.00	24589.00
772.00	24895.00
773.00	24572.00
774.00	24523.00
775.00	24394.00
776.00	24916.00
777.00	24823.00
778.00	24861.00
779.00	24356.00
780.00	25075.00
781.00	24699.00
782.00	24609.00
783.00	24418.00
784.00	24733.00
785.00	24938.00
786.00	24536.00
787.00	24729.00
788.00	24745.00
789.00	24781.00
790.00	24872.00
791.00	24966.00
792.00	24722.00
793.00	24706.00
794.00	24862.00
795.00	24735.00
796.00	25039.00
797.00	25205.00
798.00	25125.00
799.00	25209.00
800.00	25208.00
801.00	25258.00
802.00	25657.00
803.00	25724.00
804.00	25450.00
805.00	25476.00
806.00	25639.00
807.00	25812.00
808.00	25518.00
809.00	25669.00
810.00	25461.00
811.00	25909.00
812.00	25951.00
813.00	26100.00
814.00	25869.00
815.00	25873.00
816.00	25795.00
817.00	25578.00
818.00	25771.00
819.00	25715.00
820.00	25464.00
821.00	25759.00
822.00	25794.00
823.00	25524.00
824.00	25964.00
825.00	25836.00
826.00	25937.00
827.00	26145.00
828.00	25715.00
829.00	25746.00
830.00	25735.00
831.00	25976.00
832.00	25923.00
833.00	25736.00
834.00	25909.00
835.00	26180.00
836.00	25986.00
837.00	26104.00
838.00	26256.00
839.00	25998.00
840.00	26148.00
841.00	25782.00
842.00	26188.00
843.00	26378.00
844.00	26368.00
845.00	26317.00
846.00	26359.00
847.00	26128.00
848.00	26562.00
849.00	26408.00
850.00	26505.00
851.00	26326.00
852.00	26724.00
853.00	26756.00
854.00	26573.00
855.00	26605.00
856.00	26447.00
857.00	26398.00
858.00	26405.00
859.00	26851.00
860.00	26633.00
861.00	26902.00
862.00	26826.00
863.00	26784.00
864.00	26887.00
865.00	27136.00
866.00	27084.00
867.00	27032.00
868.00	27037.00
869.00	27059.00
870.00	27177.00
871.00	27446.00
872.00	27115.00
873.00	27435.00
874.00	27556.00
875.00	27817.00
876.00	27543.00
877.00	27860.00
878.00	27732.00
879.00	27831.00
880.00	27983.00
881.00	28272.00
882.00	28289.00
883.00	28207.00
884.00	28535.00
885.00	29013.00
886.00	29019.00
887.00	29090.00
888.00	29308.00
889.00	29166.00
890.00	29363.00
891.00	29717.00
892.00	30266.00
893.00	30427.00
894.00	30518.00
895.00	30535.00
896.00	30829.00
897.00	31024.00
898.00	31415.00
899.00	31609.00
900.00	32517.00
901.00	32538.00
902.00	33075.00
903.00	33378.00
904.00	33834.00
905.00	34568.00
906.00	34891.00
907.00	35470.00
908.00	36515.00
909.00	37202.00
910.00	38207.00
911.00	39042.00
912.00	40121.00
913.00	41274.00
914.00	42557.00
915.00	44166.00
916.00	45791.00
917.00	47679.00
918.00	50047.00
919.00	51874.00
920.00	54138.00
921.00	57105.00
922.00	60373.00
923.00	63634.00
924.00	66521.00
925.00	70861.00
926.00	74731.00
927.00	78829.00
928.00	82366.00
929.00	86600.00
930.00	91200.00
931.00	95306.00
932.00	99635.00
933.00	103073.00
934.00	106698.00
935.00	109407.00
936.00	112547.00
937.00	115186.00
938.00	117086.00
939.00	118643.00
940.00	119115.00
941.00	119236.00
942.00	118920.00
943.00	117808.00
944.00	116398.00
945.00	114244.00
946.00	111518.00
947.00	108205.00
948.00	105547.00
949.00	101781.00
950.00	97772.00
951.00	94023.00
952.00	89484.00
953.00	84728.00
954.00	80590.00
955.00	76075.00
956.00	72234.00
957.00	68445.00
958.00	64812.00
959.00	60629.00
960.00	57102.00
961.00	54410.00
962.00	50490.00
963.00	48232.00
964.00	45566.00
965.00	42946.00
966.00	40896.00
967.00	38588.00
968.00	37026.00
969.00	35615.00
970.00	34137.00
971.00	32557.00
972.00	31593.00
973.00	30455.00
974.00	29398.00
975.00	28764.00
976.00	27984.00
977.00	27679.00
978.00	27022.00
979.00	27276.00
980.00	26903.00
981.00	27353.00
982.00	27551.00
983.00	27931.00
984.00	28990.00
985.00	30175.00
986.00	30932.00
987.00	33320.00
988.00	34971.00
989.00	37244.00
990.00	39417.00
991.00	41778.00
992.00	44284.00
993.00	46722.00
994.00	48613.00
995.00	49366.00
996.00	50220.00
997.00	50526.00
998.00	50366.00
999.00	49264.00
1000.00	47188.00
1001.00	45560.00
1002.00	42922.00
1003.00	40215.00
1004.00	37186.00
1005.00	34494.00
1006.00	31720.00
1007.00	29398.00
1008.00	27102.00
1009.00	25230.00
1010.00	23677.00
1011.00	22955.00
1012.00	21782.00
1013.00	21417.00
1014.00	21136.00
1015.00	20566.00
1016.00	20091.00
1017.00	20132.00
1018.00	20257.00
1019.00	20440.00
1020.00	20608.00
1021.00	20509.00
1022.00	20615.00
1023.00	20781.00
1024.00	21134.00
