Date:	2023-08-23		
Time:	19:19		
Sample name:	MI1D_E_F		
Position:	614.000049	mm	
Sample surface:	4.870453	cm	
Tube anode:	Mo		
Tube voltage:	30	kV	
Tube current:	30	mA	
Comments	not in position		
Gain	0.060000		
peaking_time	1.500000	m-sec	
trigger_threshold	653.076172	V	
mca_bin_width	17.500000	no:	
number_mca_channels	1024.000000	no:	
gap_time	0.080000	m-sec	
trigger_peaking_time	0.060000	m-sec	
livetime	6.070239	seconds	
runtime	10.007002	seconds	
input_count_rate	70943.313544	cps	
output_count_rate	43032.768800	cps	
triggers	0	seconds	
events_in_run	0	seconds	
channel	content		
 1.00	 0.00
 2.00	 0.00
 3.00	 0.00
 4.00	 0.00
 5.00	 0.00
 6.00	 0.00
 7.00	 0.00
 8.00	 0.00
 9.00	 0.00
10.00	 0.00
11.00	 0.00
12.00	 0.00
13.00	 0.00
14.00	 0.00
15.00	 0.00
16.00	 0.00
17.00	 0.00
18.00	 0.00
19.00	 0.00
20.00	 0.00
21.00	 0.00
22.00	 0.00
23.00	 0.00
24.00	 0.00
25.00	 0.00
26.00	 0.00
27.00	 0.00
28.00	 0.00
29.00	 0.00
30.00	 0.00
31.00	 0.00
32.00	 1.00
33.00	 0.00
34.00	 0.00
35.00	 2.00
36.00	 2.00
37.00	 3.00
38.00	 5.00
39.00	11.00
40.00	 9.00
41.00	12.00
42.00	14.00
43.00	15.00
44.00	35.00
45.00	44.00
46.00	53.00
47.00	75.00
48.00	109.00
49.00	131.00
50.00	194.00
51.00	214.00
52.00	296.00
53.00	346.00
54.00	378.00
55.00	501.00
56.00	524.00
57.00	597.00
58.00	666.00
59.00	776.00
60.00	847.00
61.00	946.00
62.00	1029.00
63.00	1062.00
64.00	1151.00
65.00	1156.00
66.00	1273.00
67.00	1279.00
68.00	1336.00
69.00	1334.00
70.00	1314.00
71.00	1323.00
72.00	1324.00
73.00	1353.00
74.00	1402.00
75.00	1317.00
76.00	1292.00
77.00	1263.00
78.00	1315.00
79.00	1322.00
80.00	1260.00
81.00	1317.00
82.00	1366.00
83.00	1358.00
84.00	1331.00
85.00	1380.00
86.00	1237.00
87.00	1294.00
88.00	1198.00
89.00	1190.00
90.00	1126.00
91.00	1158.00
92.00	1049.00
93.00	1005.00
94.00	990.00
95.00	962.00
96.00	1011.00
97.00	879.00
98.00	981.00
99.00	988.00
100.00	909.00
101.00	935.00
102.00	1012.00
103.00	954.00
104.00	876.00
105.00	925.00
106.00	908.00
107.00	864.00
108.00	907.00
109.00	928.00
110.00	897.00
111.00	828.00
112.00	841.00
113.00	818.00
114.00	836.00
115.00	810.00
116.00	841.00
117.00	747.00
118.00	815.00
119.00	751.00
120.00	724.00
121.00	693.00
122.00	705.00
123.00	680.00
124.00	664.00
125.00	667.00
126.00	629.00
127.00	689.00
128.00	643.00
129.00	659.00
130.00	622.00
131.00	627.00
132.00	648.00
133.00	615.00
134.00	610.00
135.00	626.00
136.00	573.00
137.00	566.00
138.00	579.00
139.00	486.00
140.00	514.00
141.00	512.00
142.00	536.00
143.00	513.00
144.00	444.00
145.00	521.00
146.00	475.00
147.00	490.00
148.00	465.00
149.00	472.00
150.00	483.00
151.00	491.00
152.00	471.00
153.00	472.00
154.00	454.00
155.00	436.00
156.00	431.00
157.00	447.00
158.00	434.00
159.00	436.00
160.00	454.00
161.00	440.00
162.00	483.00
163.00	518.00
164.00	552.00
165.00	670.00
166.00	797.00
167.00	904.00
168.00	1035.00
169.00	1147.00
170.00	1208.00
171.00	1172.00
172.00	1085.00
173.00	992.00
174.00	825.00
175.00	761.00
176.00	643.00
177.00	491.00
178.00	442.00
179.00	407.00
180.00	421.00
181.00	478.00
182.00	465.00
183.00	450.00
184.00	436.00
185.00	413.00
186.00	419.00
187.00	430.00
188.00	387.00
189.00	361.00
190.00	394.00
191.00	353.00
192.00	374.00
193.00	348.00
194.00	302.00
195.00	360.00
196.00	297.00
197.00	335.00
198.00	315.00
199.00	317.00
200.00	321.00
201.00	286.00
202.00	336.00
203.00	366.00
204.00	389.00
205.00	442.00
206.00	422.00
207.00	546.00
208.00	637.00
209.00	755.00
210.00	778.00
211.00	882.00
212.00	866.00
213.00	883.00
214.00	808.00
215.00	703.00
216.00	633.00
217.00	557.00
218.00	504.00
219.00	420.00
220.00	366.00
221.00	325.00
222.00	346.00
223.00	356.00
224.00	344.00
225.00	317.00
226.00	362.00
227.00	407.00
228.00	408.00
229.00	390.00
230.00	403.00
231.00	420.00
232.00	402.00
233.00	393.00
234.00	378.00
235.00	343.00
236.00	362.00
237.00	343.00
238.00	360.00
239.00	322.00
240.00	308.00
241.00	338.00
242.00	340.00
243.00	323.00
244.00	386.00
245.00	311.00
246.00	343.00
247.00	377.00
248.00	341.00
249.00	352.00
250.00	395.00
251.00	384.00
252.00	425.00
253.00	430.00
254.00	466.00
255.00	570.00
256.00	591.00
257.00	610.00
258.00	623.00
259.00	718.00
260.00	697.00
261.00	683.00
262.00	608.00
263.00	619.00
264.00	640.00
265.00	571.00
266.00	574.00
267.00	522.00
268.00	516.00
269.00	549.00
270.00	535.00
271.00	520.00
272.00	491.00
273.00	494.00
274.00	486.00
275.00	517.00
276.00	514.00
277.00	555.00
278.00	516.00
279.00	559.00
280.00	604.00
281.00	646.00
282.00	623.00
283.00	652.00
284.00	631.00
285.00	607.00
286.00	637.00
287.00	665.00
288.00	618.00
289.00	635.00
290.00	667.00
291.00	650.00
292.00	644.00
293.00	678.00
294.00	663.00
295.00	644.00
296.00	722.00
297.00	656.00
298.00	704.00
299.00	709.00
300.00	712.00
301.00	759.00
302.00	777.00
303.00	837.00
304.00	756.00
305.00	794.00
306.00	812.00
307.00	883.00
308.00	928.00
309.00	951.00
310.00	885.00
311.00	956.00
312.00	965.00
313.00	977.00
314.00	1020.00
315.00	941.00
316.00	964.00
317.00	999.00
318.00	958.00
319.00	986.00
320.00	1004.00
321.00	1011.00
322.00	1037.00
323.00	1022.00
324.00	1065.00
325.00	1048.00
326.00	1082.00
327.00	1041.00
328.00	1062.00
329.00	1129.00
330.00	1191.00
331.00	1161.00
332.00	1214.00
333.00	1242.00
334.00	1176.00
335.00	1201.00
336.00	1219.00
337.00	1364.00
338.00	1319.00
339.00	1388.00
340.00	1371.00
341.00	1383.00
342.00	1343.00
343.00	1362.00
344.00	1453.00
345.00	1409.00
346.00	1421.00
347.00	1458.00
348.00	1437.00
349.00	1507.00
350.00	1544.00
351.00	1593.00
352.00	1533.00
353.00	1772.00
354.00	1850.00
355.00	2079.00
356.00	2509.00
357.00	3116.00
358.00	4000.00
359.00	5313.00
360.00	7002.00
361.00	9447.00
362.00	12304.00
363.00	15352.00
364.00	18244.00
365.00	20504.00
366.00	22334.00
367.00	23078.00
368.00	22226.00
369.00	21003.00
370.00	18345.00
371.00	15223.00
372.00	12380.00
373.00	9219.00
374.00	7243.00
375.00	5422.00
376.00	3940.00
377.00	3257.00
378.00	2891.00
379.00	2597.00
380.00	2409.00
381.00	2362.00
382.00	2343.00
383.00	2382.00
384.00	2441.00
385.00	2537.00
386.00	2386.00
387.00	2552.00
388.00	2547.00
389.00	2662.00
390.00	2642.00
391.00	2678.00
392.00	2835.00
393.00	2961.00
394.00	3102.00
395.00	3188.00
396.00	3524.00
397.00	3820.00
398.00	4099.00
399.00	4620.00
400.00	5160.00
401.00	5539.00
402.00	5968.00
403.00	6360.00
404.00	6587.00
405.00	6702.00
406.00	6402.00
407.00	6074.00
408.00	5741.00
409.00	5252.00
410.00	4815.00
411.00	4449.00
412.00	4144.00
413.00	3840.00
414.00	3672.00
415.00	3706.00
416.00	3662.00
417.00	3735.00
418.00	3733.00
419.00	3866.00
420.00	3975.00
421.00	4152.00
422.00	4244.00
423.00	4568.00
424.00	4816.00
425.00	5056.00
426.00	5232.00
427.00	5345.00
428.00	5557.00
429.00	5420.00
430.00	5418.00
431.00	5287.00
432.00	5064.00
433.00	4972.00
434.00	4727.00
435.00	4826.00
436.00	4727.00
437.00	4554.00
438.00	4629.00
439.00	4560.00
440.00	4622.00
441.00	4665.00
442.00	4619.00
443.00	4619.00
444.00	4752.00
445.00	4768.00
446.00	4977.00
447.00	4908.00
448.00	5060.00
449.00	5088.00
450.00	5121.00
451.00	5098.00
452.00	5196.00
453.00	5339.00
454.00	5578.00
455.00	5661.00
456.00	5741.00
457.00	5776.00
458.00	5770.00
459.00	6017.00
460.00	6201.00
461.00	6336.00
462.00	6252.00
463.00	6555.00
464.00	6666.00
465.00	6627.00
466.00	6761.00
467.00	6832.00
468.00	6868.00
469.00	7105.00
470.00	7012.00
471.00	7027.00
472.00	7188.00
473.00	7094.00
474.00	7161.00
475.00	7234.00
476.00	7347.00
477.00	7184.00
478.00	7346.00
479.00	7317.00
480.00	7540.00
481.00	7384.00
482.00	7215.00
483.00	7390.00
484.00	7234.00
485.00	7243.00
486.00	7092.00
487.00	7124.00
488.00	7076.00
489.00	7076.00
490.00	6987.00
491.00	7111.00
492.00	7113.00
493.00	7402.00
494.00	7163.00
495.00	7288.00
496.00	7077.00
497.00	7327.00
498.00	7456.00
499.00	7401.00
500.00	7542.00
501.00	7528.00
502.00	7710.00
503.00	7709.00
504.00	7754.00
505.00	7798.00
506.00	7790.00
507.00	7941.00
508.00	8002.00
509.00	8019.00
510.00	8021.00
511.00	8125.00
512.00	8305.00
513.00	8371.00
514.00	8311.00
515.00	8557.00
516.00	8695.00
517.00	8408.00
518.00	8826.00
519.00	8583.00
520.00	8731.00
521.00	8962.00
522.00	8836.00
523.00	9133.00
524.00	9159.00
525.00	9512.00
526.00	9276.00
527.00	9633.00
528.00	9455.00
529.00	9384.00
530.00	9864.00
531.00	10046.00
532.00	9997.00
533.00	10258.00
534.00	10293.00
535.00	10407.00
536.00	10645.00
537.00	10728.00
538.00	10640.00
539.00	10905.00
540.00	10803.00
541.00	10784.00
542.00	11046.00
543.00	11087.00
544.00	10937.00
545.00	11139.00
546.00	11347.00
547.00	11476.00
548.00	11392.00
549.00	11629.00
550.00	11621.00
551.00	11713.00
552.00	11860.00
553.00	11792.00
554.00	12164.00
555.00	11998.00
556.00	11864.00
557.00	11968.00
558.00	12100.00
559.00	11971.00
560.00	12019.00
561.00	12022.00
562.00	11959.00
563.00	12132.00
564.00	12217.00
565.00	11902.00
566.00	12256.00
567.00	12269.00
568.00	12264.00
569.00	12343.00
570.00	12662.00
571.00	12485.00
572.00	12657.00
573.00	12623.00
574.00	12342.00
575.00	12718.00
576.00	12870.00
577.00	12708.00
578.00	12824.00
579.00	12923.00
580.00	13123.00
581.00	12894.00
582.00	13098.00
583.00	13070.00
584.00	13112.00
585.00	12955.00
586.00	13163.00
587.00	13383.00
588.00	13451.00
589.00	13433.00
590.00	13896.00
591.00	13542.00
592.00	13441.00
593.00	13685.00
594.00	13883.00
595.00	14004.00
596.00	13889.00
597.00	14227.00
598.00	14136.00
599.00	14192.00
600.00	14065.00
601.00	14342.00
602.00	14311.00
603.00	14531.00
604.00	14602.00
605.00	14716.00
606.00	14709.00
607.00	14833.00
608.00	14733.00
609.00	14863.00
610.00	14955.00
611.00	15116.00
612.00	15440.00
613.00	15195.00
614.00	15088.00
615.00	15513.00
616.00	15570.00
617.00	15590.00
618.00	15532.00
619.00	15889.00
620.00	15790.00
621.00	15878.00
622.00	16124.00
623.00	15963.00
624.00	16201.00
625.00	16159.00
626.00	16189.00
627.00	16285.00
628.00	16317.00
629.00	16397.00
630.00	16769.00
631.00	16691.00
632.00	16718.00
633.00	16666.00
634.00	16771.00
635.00	16849.00
636.00	16891.00
637.00	16979.00
638.00	17087.00
639.00	17048.00
640.00	17164.00
641.00	17239.00
642.00	17413.00
643.00	17586.00
644.00	17548.00
645.00	17671.00
646.00	17524.00
647.00	17728.00
648.00	17916.00
649.00	17815.00
650.00	17700.00
651.00	18191.00
652.00	18235.00
653.00	18180.00
654.00	18278.00
655.00	18399.00
656.00	18210.00
657.00	18534.00
658.00	18374.00
659.00	18551.00
660.00	18383.00
661.00	18665.00
662.00	18883.00
663.00	18687.00
664.00	18953.00
665.00	19004.00
666.00	18949.00
667.00	19225.00
668.00	19402.00
669.00	19267.00
670.00	19419.00
671.00	19805.00
672.00	19942.00
673.00	20163.00
674.00	20095.00
675.00	20562.00
676.00	20972.00
677.00	21245.00
678.00	21475.00
679.00	21613.00
680.00	21923.00
681.00	22211.00
682.00	22370.00
683.00	22323.00
684.00	22122.00
685.00	21805.00
686.00	21806.00
687.00	21856.00
688.00	21754.00
689.00	21087.00
690.00	21057.00
691.00	21091.00
692.00	20809.00
693.00	21089.00
694.00	20988.00
695.00	21289.00
696.00	21022.00
697.00	21303.00
698.00	21433.00
699.00	21191.00
700.00	21359.00
701.00	21457.00
702.00	21304.00
703.00	21649.00
704.00	21430.00
705.00	21435.00
706.00	21806.00
707.00	21741.00
708.00	21824.00
709.00	21585.00
710.00	22085.00
711.00	22185.00
712.00	21918.00
713.00	21920.00
714.00	22290.00
715.00	22049.00
716.00	22551.00
717.00	22407.00
718.00	22383.00
719.00	22464.00
720.00	22402.00
721.00	22693.00
722.00	22738.00
723.00	22642.00
724.00	22636.00
725.00	22928.00
726.00	23081.00
727.00	22898.00
728.00	23160.00
729.00	22913.00
730.00	22996.00
731.00	23312.00
732.00	23010.00
733.00	23128.00
734.00	23052.00
735.00	23328.00
736.00	23395.00
737.00	23544.00
738.00	23601.00
739.00	23523.00
740.00	23590.00
741.00	23900.00
742.00	23595.00
743.00	23681.00
744.00	23962.00
745.00	23474.00
746.00	23937.00
747.00	24274.00
748.00	24108.00
749.00	24022.00
750.00	24198.00
751.00	24127.00
752.00	24430.00
753.00	24451.00
754.00	24405.00
755.00	24501.00
756.00	24719.00
757.00	24621.00
758.00	24449.00
759.00	24807.00
760.00	24972.00
761.00	24932.00
762.00	24844.00
763.00	24782.00
764.00	25227.00
765.00	25010.00
766.00	24797.00
767.00	24900.00
768.00	24898.00
769.00	24980.00
770.00	24915.00
771.00	24978.00
772.00	25118.00
773.00	25276.00
774.00	24992.00
775.00	25017.00
776.00	25165.00
777.00	24851.00
778.00	25327.00
779.00	24992.00
780.00	25345.00
781.00	25206.00
782.00	25273.00
783.00	25364.00
784.00	25173.00
785.00	25361.00
786.00	25474.00
787.00	25295.00
788.00	25369.00
789.00	25618.00
790.00	25675.00
791.00	26055.00
792.00	25354.00
793.00	25851.00
794.00	25633.00
795.00	26045.00
796.00	25692.00
797.00	26206.00
798.00	25677.00
799.00	26005.00
800.00	26033.00
801.00	26208.00
802.00	26310.00
803.00	26218.00
804.00	26570.00
805.00	26476.00
806.00	26569.00
807.00	26689.00
808.00	26699.00
809.00	26742.00
810.00	26710.00
811.00	26756.00
812.00	26640.00
813.00	26474.00
814.00	26775.00
815.00	26472.00
816.00	26650.00
817.00	26428.00
818.00	26504.00
819.00	26355.00
820.00	26530.00
821.00	26572.00
822.00	26661.00
823.00	26701.00
824.00	26511.00
825.00	26551.00
826.00	26875.00
827.00	26545.00
828.00	26741.00
829.00	26989.00
830.00	26894.00
831.00	26825.00
832.00	26997.00
833.00	26770.00
834.00	26897.00
835.00	27060.00
836.00	27091.00
837.00	27129.00
838.00	27402.00
839.00	26888.00
840.00	27145.00
841.00	27438.00
842.00	27506.00
843.00	27383.00
844.00	26994.00
845.00	27303.00
846.00	27558.00
847.00	27429.00
848.00	27377.00
849.00	27590.00
850.00	27486.00
851.00	27655.00
852.00	27477.00
853.00	27612.00
854.00	27897.00
855.00	27715.00
856.00	27804.00
857.00	27919.00
858.00	28187.00
859.00	27832.00
860.00	28171.00
861.00	27984.00
862.00	27825.00
863.00	28141.00
864.00	27990.00
865.00	28350.00
866.00	28365.00
867.00	28312.00
868.00	28469.00
869.00	28695.00
870.00	28826.00
871.00	28622.00
872.00	28593.00
873.00	28895.00
874.00	28854.00
875.00	29067.00
876.00	29021.00
877.00	29317.00
878.00	29112.00
879.00	29363.00
880.00	29396.00
881.00	29254.00
882.00	29719.00
883.00	29948.00
884.00	30110.00
885.00	30365.00
886.00	30083.00
887.00	30777.00
888.00	30698.00
889.00	31020.00
890.00	30992.00
891.00	31496.00
892.00	31717.00
893.00	31622.00
894.00	31995.00
895.00	32393.00
896.00	32626.00
897.00	33314.00
898.00	33224.00
899.00	33650.00
900.00	33829.00
901.00	34735.00
902.00	34913.00
903.00	35639.00
904.00	35846.00
905.00	36678.00
906.00	37091.00
907.00	37977.00
908.00	38835.00
909.00	39432.00
910.00	40284.00
911.00	41797.00
912.00	42542.00
913.00	43611.00
914.00	44963.00
915.00	46843.00
916.00	48150.00
917.00	50499.00
918.00	52814.00
919.00	54859.00
920.00	57382.00
921.00	60626.00
922.00	63757.00
923.00	67275.00
924.00	70687.00
925.00	74766.00
926.00	78832.00
927.00	83322.00
928.00	87602.00
929.00	91873.00
930.00	96173.00
931.00	100314.00
932.00	104656.00
933.00	109557.00
934.00	113085.00
935.00	116063.00
936.00	119486.00
937.00	121809.00
938.00	123791.00
939.00	125266.00
940.00	125661.00
941.00	125881.00
942.00	125468.00
943.00	124978.00
944.00	122975.00
945.00	120685.00
946.00	117791.00
947.00	115196.00
948.00	110810.00
949.00	107351.00
950.00	103374.00
951.00	98300.00
952.00	94284.00
953.00	90243.00
954.00	85421.00
955.00	81002.00
956.00	76548.00
957.00	72334.00
958.00	68129.00
959.00	64086.00
960.00	60630.00
961.00	56796.00
962.00	54092.00
963.00	50705.00
964.00	48013.00
965.00	45680.00
966.00	43373.00
967.00	41427.00
968.00	39210.00
969.00	37511.00
970.00	35781.00
971.00	34559.00
972.00	33599.00
973.00	32508.00
974.00	31000.00
975.00	30686.00
976.00	29772.00
977.00	29167.00
978.00	28924.00
979.00	28686.00
980.00	28540.00
981.00	28875.00
982.00	29042.00
983.00	29602.00
984.00	30423.00
985.00	31662.00
986.00	32833.00
987.00	35067.00
988.00	37079.00
989.00	39009.00
990.00	41422.00
991.00	44315.00
992.00	46213.00
993.00	48440.00
994.00	50478.00
995.00	52022.00
996.00	52645.00
997.00	53371.00
998.00	52877.00
999.00	51839.00
1000.00	50160.00
1001.00	48265.00
1002.00	45659.00
1003.00	42813.00
1004.00	39529.00
1005.00	36718.00
1006.00	33849.00
1007.00	31309.00
1008.00	29178.00
1009.00	27077.00
1010.00	25249.00
1011.00	24004.00
1012.00	23184.00
1013.00	22484.00
1014.00	22356.00
1015.00	22387.00
1016.00	22005.00
1017.00	21315.00
1018.00	21912.00
1019.00	21542.00
1020.00	21798.00
1021.00	22068.00
1022.00	21985.00
1023.00	22396.00
1024.00	22648.00
