\\Mac\Home\Documents\Steve\23-10_Manchester2_Mo\Campbell\NEB8A__xrf\XRF data     26/02/2025  re-evaluated data
peakarea
filename	position (mm)	sample surface	validity	E-gain	E-offset	F-slope	F-offset	cps	MSE	Mg	Al	Si	P	S	Cl	Ar	K	Ca	Ti	V	Cr	Mn	Fe	Co	Ni	Cu	Zn	As	Se	Br	Rb	Sr	Y	Zr	Sn	I	Cs	Ba	Ta	W	Ir	Pt	Au	Hg	Pb	Th	U	Fe a*2	Fe a+b	Fe X1	Fe X2	Fe X3	W La	W Lb1	W lb2	W La in	W Lb1 in	W Lb2 in	Mo inc	Mo coh	Dt	
\\Mac\Home\Documents\Steve\23-10_Manchester2_Mo\Campbell\NEB8A__xrf\XRF data\L000000.spe	1187.00	5.15	1	0.017526	-0.012928	0.010012	0.091030	52542	1.15	0	41	0	0	0	0	150	0	75	11	0	0	0	349	0	184	66	14	139	62	423	0	68	0	72	12	20	0	0	69	342	0	0	73	0	0	80	0	96	139	0	0	0	0	0	154	71	245	198	63036	8888	0.349	
\\Mac\Home\Documents\Steve\23-10_Manchester2_Mo\Campbell\NEB8A__xrf\XRF data\L000001.spe	1188.00	5.20	1	0.017526	-0.012928	0.010012	0.091030	58931	1.34	0	8	0	5	0	0	146	6	167	77	0	6	25	687	204	232	121	74	0	0	754	74	315	34	8	22	13	0	0	159	660	125	0	0	0	194	0	80	149	0	0	22	0	0	0	441	53	63	273	68160	9506	0.361	
\\Mac\Home\Documents\Steve\23-10_Manchester2_Mo\Campbell\NEB8A__xrf\XRF data\L000002.spe	1189.00	5.20	1	0.017526	-0.012928	0.010012	0.091030	60161	1.33	0	47	16	0	14	0	115	24	160	109	13	22	0	784	73	200	148	129	0	0	653	237	165	0	0	0	5	0	0	0	396	29	16	0	65	127	232	8	0	0	0	13	0	0	0	41	209	221	215	69867	9860	0.366	
\\Mac\Home\Documents\Steve\23-10_Manchester2_Mo\Campbell\NEB8A__xrf\XRF data\L000003.spe	1190.00	5.20	1	0.017526	-0.012928	0.010012	0.091030	64780	1.34	39	33	12	0	16	0	123	25	217	101	0	5	0	1267	117	166	59	161	183	0	1085	0	231	45	0	13	0	0	0	95	0	105	0	0	0	0	0	20	87	379	0	0	0	462	517	908	156	118	404	72624	10207	0.375	
\\Mac\Home\Documents\Steve\23-10_Manchester2_Mo\Campbell\NEB8A__xrf\XRF data\L000004.spe	1191.00	5.21	1	0.017526	-0.012928	0.010012	0.091030	63209	1.44	22	52	0	0	13	0	184	45	229	94	0	5	0	1073	0	230	69	155	0	0	816	123	285	92	0	6	6	0	0	30	0	191	0	29	0	18	0	180	0	0	30	22	46	840	794	406	207	121	391	70591	9792	0.371	
\\Mac\Home\Documents\Steve\23-10_Manchester2_Mo\Campbell\NEB8A__xrf\XRF data\L000005.spe	1192.00	5.17	1	0.017526	-0.012928	0.010012	0.091030	59139	2.16	34	62	0	20	11	0	122	34	177	66	5	9	0	878	113	184	51	43	0	0	625	102	213	12	0	20	0	18	19	57	1341	0	0	0	0	0	224	0	80	0	0	62	0	0	0	0	50	207	361	67772	9228	0.363	
\\Mac\Home\Documents\Steve\23-10_Manchester2_Mo\Campbell\NEB8A__xrf\XRF data\L000006.spe	1193.00	5.14	1	0.017526	-0.012928	0.010012	0.091030	61908	1.36	19	20	22	0	0	0	116	26	168	106	14	0	0	823	0	216	61	142	125	0	1159	0	253	0	218	14	22	0	0	58	752	102	0	0	0	16	0	0	74	352	15	4	89	0	0	501	243	214	312	69424	9698	0.369	
\\Mac\Home\Documents\Steve\23-10_Manchester2_Mo\Campbell\NEB8A__xrf\XRF data\L000007.spe	1194.00	5.19	1	0.017526	-0.012928	0.010012	0.091030	63942	1.48	0	0	9	0	0	20	134	19	226	127	0	0	0	1067	0	212	103	88	0	0	995	70	243	19	180	0	9	0	0	69	903	0	0	0	0	0	63	0	8	230	0	0	47	0	0	161	109	203	475	70413	9966	0.374	
\\Mac\Home\Documents\Steve\23-10_Manchester2_Mo\Campbell\NEB8A__xrf\XRF data\L000008.spe	1195.00	5.19	1	0.017526	-0.012928	0.010012	0.091030	61924	1.46	29	36	17	22	22	0	143	20	200	117	0	0	0	1053	206	191	110	65	0	136	858	0	190	20	66	18	11	0	0	0	0	0	0	0	13	12	228	0	0	450	0	0	0	584	660	241	149	381	508	68448	9652	0.370	
\\Mac\Home\Documents\Steve\23-10_Manchester2_Mo\Campbell\NEB8A__xrf\XRF data\L000009.spe	1196.00	5.16	1	0.017526	-0.012928	0.010012	0.091030	63353	1.66	5	30	0	8	26	0	153	39	193	127	0	11	0	888	100	120	0	64	74	0	1256	73	342	87	99	15	0	9	8	199	954	32	0	0	0	0	284	0	0	0	0	0	0	0	0	583	17	0	90	70230	9416	0.375	
\\Mac\Home\Documents\Steve\23-10_Manchester2_Mo\Campbell\NEB8A__xrf\XRF data\L000010.spe	1197.00	5.16	1	0.017526	-0.012928	0.010012	0.091030	67206	1.30	8	57	0	0	10	0	98	22	222	142	7	0	0	1065	120	206	109	103	0	0	1096	189	220	9	220	0	0	11	5	201	296	0	133	0	0	295	187	0	0	0	0	27	0	109	137	183	16	146	0	72511	10584	0.384	
\\Mac\Home\Documents\Steve\23-10_Manchester2_Mo\Campbell\NEB8A__xrf\XRF data\L000011.spe	1198.00	5.18	1	0.017526	-0.012928	0.010012	0.091030	65735	1.25	9	45	7	16	16	18	117	11	264	156	32	0	0	965	0	187	152	86	0	0	1141	76	388	48	354	14	9	0	0	0	589	91	0	36	0	160	164	170	108	149	0	22	69	0	0	125	243	316	623	70646	10053	0.378	
\\Mac\Home\Documents\Steve\23-10_Manchester2_Mo\Campbell\NEB8A__xrf\XRF data\L000012.spe	1199.00	5.19	1	0.017526	-0.012928	0.010012	0.091030	65491	1.10	6	49	0	12	12	25	152	52	194	175	0	0	15	1093	64	143	65	34	0	0	1199	369	485	0	0	12	9	0	18	203	360	40	0	0	0	22	22	179	83	0	0	0	0	0	141	306	0	58	385	70794	9831	0.378	
\\Mac\Home\Documents\Steve\23-10_Manchester2_Mo\Campbell\NEB8A__xrf\XRF data\L000013.spe	1200.00	5.21	1	0.017526	-0.012928	0.010012	0.091030	61523	2.04	20	27	39	9	0	0	170	20	173	194	10	6	18	1201	96	174	112	60	0	246	1132	272	249	0	0	8	0	5	0	109	0	11	0	12	0	184	184	0	0	0	0	0	0	1324	1189	510	113	13	446	69287	9714	0.370	
\\Mac\Home\Documents\Steve\23-10_Manchester2_Mo\Campbell\NEB8A__xrf\XRF data\L000014.spe	1201.00	5.20	1	0.017526	-0.012928	0.010012	0.091030	63415	1.15	0	10	22	9	8	0	144	24	203	162	0	0	0	1012	59	168	0	60	67	0	1282	228	334	116	125	15	14	0	0	112	199	92	12	0	0	0	179	0	0	0	0	0	0	64	32	395	97	128	116	68728	9704	0.373	
\\Mac\Home\Documents\Steve\23-10_Manchester2_Mo\Campbell\NEB8A__xrf\XRF data\L000015.spe	1202.00	5.23	1	0.017526	-0.012928	0.010012	0.091030	62151	1.13	7	31	6	0	15	0	131	27	250	146	0	19	0	1123	33	208	30	127	0	0	1505	267	342	39	244	20	5	0	23	218	0	96	0	0	0	67	0	0	0	0	0	18	0	266	374	565	154	91	471	67910	9578	0.369	
\\Mac\Home\Documents\Steve\23-10_Manchester2_Mo\Campbell\NEB8A__xrf\XRF data\L000016.spe	1203.00	5.23	1	0.017526	-0.012928	0.010012	0.091030	62916	1.39	35	45	19	26	8	0	157	56	267	186	16	18	0	1205	0	146	73	80	0	0	1421	0	207	0	86	24	0	9	4	116	918	102	0	0	0	0	0	0	0	194	36	0	31	0	0	47	114	158	82	68611	9871	0.371	
\\Mac\Home\Documents\Steve\23-10_Manchester2_Mo\Campbell\NEB8A__xrf\XRF data\L000017.spe	1204.00	5.25	1	0.017526	-0.012928	0.010012	0.091030	61235	1.49	0	33	4	0	0	0	146	28	203	165	0	11	0	1125	103	232	81	125	0	56	1472	286	303	0	373	25	0	17	5	82	0	7	0	0	0	125	37	202	0	0	0	0	0	771	810	575	36	158	290	68213	9710	0.370	
\\Mac\Home\Documents\Steve\23-10_Manchester2_Mo\Campbell\NEB8A__xrf\XRF data\L000018.spe	1205.00	5.26	1	0.017526	-0.012928	0.010012	0.091030	62724	1.09	26	61	0	0	15	0	116	41	256	193	0	0	6	1041	50	146	194	43	0	0	1174	240	227	0	0	0	20	0	0	0	250	29	18	0	38	56	0	0	8	0	0	0	0	0	172	116	314	285	356	69285	10038	0.374	
\\Mac\Home\Documents\Steve\23-10_Manchester2_Mo\Campbell\NEB8A__xrf\XRF data\L000019.spe	1206.00	5.26	1	0.017526	-0.012928	0.010012	0.091030	63670	1.14	12	44	0	0	14	0	139	24	189	175	0	0	0	1189	0	184	91	83	0	0	1318	0	357	88	135	12	7	0	6	33	356	0	0	0	0	165	193	0	0	487	26	36	112	0	91	141	182	298	311	69677	9964	0.372	
\\Mac\Home\Documents\Steve\23-10_Manchester2_Mo\Campbell\NEB8A__xrf\XRF data\L000020.spe	1207.00	5.26	1	0.017526	-0.012928	0.010012	0.091030	62843	1.18	11	39	21	4	13	5	149	20	217	101	7	10	0	891	91	170	0	110	201	102	1408	0	297	0	253	32	10	0	40	273	0	168	0	41	0	0	21	0	43	182	0	0	0	427	426	636	0	0	357	68773	9982	0.373	
\\Mac\Home\Documents\Steve\23-10_Manchester2_Mo\Campbell\NEB8A__xrf\XRF data\L000021.spe	1208.00	5.28	1	0.017526	-0.012928	0.010012	0.091030	63196	1.39	0	0	0	0	0	0	114	32	196	116	16	19	8	1012	184	180	88	40	0	0	1246	425	312	105	55	24	8	7	0	91	630	29	0	0	0	214	144	465	39	0	0	0	0	0	0	92	117	237	582	68682	9735	0.373	
\\Mac\Home\Documents\Steve\23-10_Manchester2_Mo\Campbell\NEB8A__xrf\XRF data\L000022.spe	1209.00	5.30	1	0.017526	-0.012928	0.010012	0.091030	63223	1.13	0	20	0	24	0	0	153	35	237	129	0	0	15	969	17	163	88	38	189	0	1269	122	224	0	113	7	0	13	7	0	0	38	0	61	0	0	0	0	204	59	0	9	36	241	257	638	303	314	388	68471	9974	0.373	
\\Mac\Home\Documents\Steve\23-10_Manchester2_Mo\Campbell\NEB8A__xrf\XRF data\L000023.spe	1210.00	5.30	1	0.017526	-0.012928	0.010012	0.091030	62683	1.26	0	34	0	0	0	0	137	22	240	127	0	0	0	993	44	224	51	63	0	0	1092	103	330	9	250	16	0	0	0	185	675	85	0	0	0	0	0	0	79	224	0	0	0	0	0	86	0	96	421	69162	9834	0.375	
\\Mac\Home\Documents\Steve\23-10_Manchester2_Mo\Campbell\NEB8A__xrf\XRF data\L000024.spe	1211.00	5.32	1	0.017526	-0.012928	0.010012	0.091030	62484	1.57	0	9	29	0	10	0	134	18	213	122	0	4	0	802	53	216	182	50	165	0	1139	97	217	54	308	11	7	13	0	0	961	72	320	0	0	0	0	0	89	54	0	41	0	0	0	136	263	214	0	69474	10196	0.376	
\\Mac\Home\Documents\Steve\23-10_Manchester2_Mo\Campbell\NEB8A__xrf\XRF data\L000025.spe	1212.00	5.34	1	0.017526	-0.012928	0.010012	0.091030	63420	3.17	6	20	13	29	0	0	136	19	181	43	0	0	0	594	46	220	126	71	0	141	1068	258	277	78	223	9	0	0	27	0	0	0	0	87	0	0	96	0	23	0	0	0	0	1878	1617	799	295	287	314	71135	10099	0.379	
\\Mac\Home\Documents\Steve\23-10_Manchester2_Mo\Campbell\NEB8A__xrf\XRF data\L000026.spe	1213.00	5.38	1	0.017526	-0.012928	0.010012	0.091030	64730	1.08	17	31	0	0	6	7	115	11	175	78	0	0	0	869	0	179	73	23	108	0	1029	0	162	18	312	11	0	0	4	39	282	71	117	0	0	0	18	0	146	370	29	0	0	0	38	389	122	157	130	71816	10247	0.378	
\\Mac\Home\Documents\Steve\23-10_Manchester2_Mo\Campbell\NEB8A__xrf\XRF data\L000027.spe	1214.00	5.42	1	0.017526	-0.012928	0.010012	0.091030	60165	1.21	38	54	37	18	23	19	141	13	165	73	8	0	0	594	0	169	63	0	0	0	917	207	251	0	0	19	0	0	0	31	236	0	0	0	0	0	0	4	0	0	30	0	42	0	140	541	165	88	116	69451	9468	0.368	
\\Mac\Home\Documents\Steve\23-10_Manchester2_Mo\Campbell\NEB8A__xrf\XRF data\L000028.spe	1215.00	5.46	1	0.017526	-0.012928	0.010012	0.091030	59757	1.20	17	57	23	0	11	0	116	12	131	9	9	27	0	392	0	161	46	36	0	0	326	14	209	145	0	5	7	0	38	51	83	0	0	0	344	168	138	0	0	121	0	0	16	19	536	0	147	212	197	70245	10038	0.368	
\\Mac\Home\Documents\Steve\23-10_Manchester2_Mo\Campbell\NEB8A__xrf\XRF data\L000029.spe	1216.00	5.48	1	0.017526	-0.012928	0.010012	0.091030	65415	1.21	0	44	0	0	11	0	132	22	187	94	0	33	0	567	154	173	114	69	0	0	728	116	352	92	0	19	15	0	0	5	574	31	0	0	0	226	168	83	0	0	0	18	0	0	34	112	162	189	584	72753	10050	0.377	
\\Mac\Home\Documents\Steve\23-10_Manchester2_Mo\Campbell\NEB8A__xrf\XRF data\L000030.spe	1217.00	5.48	1	0.017526	-0.012928	0.010012	0.091030	62619	1.31	28	19	0	0	7	0	121	0	215	48	8	0	14	660	5	235	81	0	47	52	784	0	359	109	0	12	0	11	8	0	0	0	0	0	0	0	166	29	39	40	0	0	0	372	660	717	279	183	469	70196	9722	0.370	
\\Mac\Home\Documents\Steve\23-10_Manchester2_Mo\Campbell\NEB8A__xrf\XRF data\L000031.spe	1218.00	5.42	1	0.017526	-0.012928	0.010012	0.091030	70356	1.39	40	27	16	20	11	26	109	31	213	50	0	0	0	632	117	194	113	41	63	0	885	0	9	43	118	15	0	16	0	26	611	0	0	0	0	0	35	8	116	202	0	0	0	0	164	483	201	377	439	74760	10352	0.390	
\\Mac\Home\Documents\Steve\23-10_Manchester2_Mo\Campbell\NEB8A__xrf\XRF data\L000032.spe	1219.00	5.39	1	0.017526	-0.012928	0.010012	0.091030	71190	1.40	0	0	0	0	4	0	98	25	212	67	0	0	0	851	0	180	164	47	10	0	1016	355	254	0	217	34	20	7	0	0	0	0	0	0	0	32	142	96	0	0	19	0	215	923	1084	562	378	347	368	73130	10059	0.390	
\\Mac\Home\Documents\Steve\23-10_Manchester2_Mo\Campbell\NEB8A__xrf\XRF data\L000033.spe	1220.00	5.42	1	0.017526	-0.012928	0.010012	0.091030	65819	1.25	0	46	17	5	15	11	152	25	271	98	16	0	0	1011	13	140	95	49	0	0	1235	15	128	133	193	18	0	0	0	96	761	0	127	0	0	211	13	106	0	0	0	0	5	0	0	289	212	162	127	70388	9930	0.378	
\\Mac\Home\Documents\Steve\23-10_Manchester2_Mo\Campbell\NEB8A__xrf\XRF data\L000034.spe	1221.00	5.45	1	0.017526	-0.012928	0.010012	0.091030	56922	1.48	6	32	5	7	22	0	126	21	199	29	0	5	26	682	49	201	6	10	93	0	766	0	80	218	0	20	0	4	12	347	739	137	262	78	36	0	0	0	0	257	0	0	0	0	0	0	0	0	0	66523	9592	0.362	
\\Mac\Home\Documents\Steve\23-10_Manchester2_Mo\Campbell\NEB8A__xrf\XRF data\L000035.spe	1222.00	5.43	1	0.017526	-0.012928	0.010012	0.091030	63673	1.28	0	6	0	0	0	0	140	20	208	56	0	0	0	707	69	137	40	25	0	0	978	12	211	92	16	13	0	5	5	0	701	26	0	0	0	25	275	0	0	23	0	0	0	0	0	180	125	107	364	70713	9856	0.378	
\\Mac\Home\Documents\Steve\23-10_Manchester2_Mo\Campbell\NEB8A__xrf\XRF data\L000036.spe	1223.00	5.49	1	0.017526	-0.012928	0.010012	0.091030	67087	1.18	0	14	0	0	0	0	128	31	208	36	0	19	0	1019	173	171	98	121	0	0	734	369	224	23	149	20	0	10	27	29	510	144	58	64	391	196	0	227	0	0	0	0	0	0	0	0	186	106	208	72702	10094	0.383	
\\Mac\Home\Documents\Steve\23-10_Manchester2_Mo\Campbell\NEB8A__xrf\XRF data\L000037.spe	1224.00	5.51	1	0.017526	-0.012928	0.010012	0.091030	65227	1.46	0	13	9	0	0	0	132	33	272	70	0	0	0	1114	0	210	111	95	0	0	1132	19	351	97	53	0	16	0	7	62	0	0	0	0	0	0	27	143	112	14	0	29	96	742	803	895	219	160	201	71127	10024	0.380	
\\Mac\Home\Documents\Steve\23-10_Manchester2_Mo\Campbell\NEB8A__xrf\XRF data\L000038.spe	1225.00	5.52	1	0.017526	-0.012928	0.010012	0.091030	66824	1.13	0	30	0	21	0	0	176	29	249	34	0	0	0	1125	0	216	197	125	0	0	1164	472	373	89	144	18	8	0	16	0	0	0	0	0	0	182	191	161	0	0	56	0	90	394	654	435	279	357	442	72697	9942	0.382	
\\Mac\Home\Documents\Steve\23-10_Manchester2_Mo\Campbell\NEB8A__xrf\XRF data\L000039.spe	1226.00	5.53	1	0.017526	-0.012928	0.010012	0.091030	64242	1.38	0	0	0	11	24	12	164	20	292	49	0	17	0	925	26	241	96	0	0	0	1143	101	220	0	8	0	0	0	19	0	0	0	36	0	0	20	0	0	276	0	0	18	11	692	812	672	216	245	242	70647	9799	0.377	
\\Mac\Home\Documents\Steve\23-10_Manchester2_Mo\Campbell\NEB8A__xrf\XRF data\L000040.spe	1227.00	5.54	1	0.017526	-0.012928	0.010012	0.091030	64428	1.24	0	37	23	8	12	0	132	12	197	78	0	0	0	919	53	178	77	0	0	0	1055	64	296	86	0	21	12	0	27	123	571	23	63	0	0	0	59	0	120	0	0	0	0	0	0	109	0	83	80	71367	9596	0.377	
\\Mac\Home\Documents\Steve\23-10_Manchester2_Mo\Campbell\NEB8A__xrf\XRF data\L000041.spe	1228.00	5.54	1	0.017526	-0.012928	0.010012	0.091030	65828	1.50	45	33	15	15	41	0	135	7	229	54	0	12	13	888	0	218	48	99	0	0	993	388	472	33	0	9	0	0	0	77	0	0	31	0	187	85	62	142	75	0	0	0	19	987	916	147	193	240	139	72051	9845	0.382	
\\Mac\Home\Documents\Steve\23-10_Manchester2_Mo\Campbell\NEB8A__xrf\XRF data\L000042.spe	1229.00	5.55	1	0.017526	-0.012928	0.010012	0.091030	66872	1.19	19	18	0	11	8	0	136	14	289	58	7	12	23	1009	0	227	229	89	31	0	1041	14	247	0	0	14	0	11	6	0	0	0	0	0	0	0	0	0	176	113	32	0	144	448	659	470	266	355	616	71710	9477	0.382	
\\Mac\Home\Documents\Steve\23-10_Manchester2_Mo\Campbell\NEB8A__xrf\XRF data\L000043.spe	1230.00	5.55	1	0.017526	-0.012928	0.010012	0.091030	66302	2.25	22	27	9	0	0	11	89	26	210	63	0	13	0	944	5	191	76	75	0	0	1180	221	370	13	304	12	16	0	0	98	1558	0	0	0	0	0	25	0	64	0	0	13	24	0	0	0	110	199	223	71697	10109	0.382	
\\Mac\Home\Documents\Steve\23-10_Manchester2_Mo\Campbell\NEB8A__xrf\XRF data\L000044.spe	1231.00	5.56	1	0.017526	-0.012928	0.010012	0.091030	67420	1.30	11	36	22	0	0	0	105	16	223	56	0	7	0	956	0	228	45	102	0	100	1212	187	159	0	0	0	8	0	0	97	0	0	0	0	0	181	126	132	0	0	34	0	125	566	521	575	96	125	466	72817	9795	0.385	
\\Mac\Home\Documents\Steve\23-10_Manchester2_Mo\Campbell\NEB8A__xrf\XRF data\L000045.spe	1232.00	5.58	1	0.017526	-0.012928	0.010012	0.091030	66409	1.09	22	12	11	0	5	0	111	27	233	67	0	0	0	1033	0	159	113	51	0	0	1052	223	251	45	0	5	0	17	0	0	46	0	0	0	0	138	209	105	60	0	28	0	9	142	490	315	144	265	228	72255	10021	0.382	
\\Mac\Home\Documents\Steve\23-10_Manchester2_Mo\Campbell\NEB8A__xrf\XRF data\L000046.spe	1233.00	5.59	1	0.017526	-0.012928	0.010012	0.091030	66071	1.32	14	51	0	0	15	0	137	13	215	101	0	0	5	902	0	255	106	95	62	0	1477	0	202	0	98	20	7	0	0	137	586	160	0	0	0	0	0	0	234	164	0	0	66	0	0	653	58	0	101	72028	9765	0.383	
\\Mac\Home\Documents\Steve\23-10_Manchester2_Mo\Campbell\NEB8A__xrf\XRF data\L000047.spe	1234.00	5.61	1	0.017526	-0.012928	0.010012	0.091030	66636	1.19	53	45	12	23	11	7	123	38	190	57	0	5	0	1015	45	219	131	48	141	0	1275	237	135	0	0	0	11	0	0	0	0	15	0	0	0	0	0	0	119	0	0	0	0	265	274	538	279	349	460	72914	10164	0.384	
\\Mac\Home\Documents\Steve\23-10_Manchester2_Mo\Campbell\NEB8A__xrf\XRF data\L000048.spe	1235.00	5.63	1	0.017526	-0.012928	0.010012	0.091030	65508	1.49	8	76	46	9	0	0	167	141	173	71	10	36	15	2161	26	222	85	99	52	0	1133	380	267	107	0	0	4	0	0	156	874	0	0	0	12	0	390	333	0	0	0	0	10	0	0	0	0	234	332	71699	10090	0.380	
\\Mac\Home\Documents\Steve\23-10_Manchester2_Mo\Campbell\NEB8A__xrf\XRF data\L000049.spe	1236.00	5.63	1	0.017526	-0.012928	0.010012	0.091030	65788	1.03	26	24	12	17	13	12	184	39	242	117	0	0	6	941	0	187	127	51	7	0	1150	83	96	73	0	5	4	11	8	0	178	18	16	0	0	0	99	0	0	30	0	0	86	31	320	253	217	204	230	71318	9922	0.379	
\\Mac\Home\Documents\Steve\23-10_Manchester2_Mo\Campbell\NEB8A__xrf\XRF data\L000050.spe	1237.00	5.65	1	0.017526	-0.012928	0.010012	0.091030	64295	1.38	26	49	24	24	9	0	158	7	180	77	11	12	0	1029	114	171	95	50	17	0	1591	165	262	38	0	0	11	0	0	184	184	19	0	0	0	0	121	138	0	0	0	0	0	0	141	687	0	0	355	71261	10130	0.377	
\\Mac\Home\Documents\Steve\23-10_Manchester2_Mo\Campbell\NEB8A__xrf\XRF data\L000051.spe	1238.00	5.65	1	0.017526	-0.012928	0.010012	0.091030	65192	1.29	6	45	14	9	22	0	170	25	200	48	0	6	0	1053	209	225	73	72	16	0	1657	274	342	94	0	7	18	0	11	174	457	179	62	0	0	29	0	118	112	0	0	0	0	0	57	329	105	0	122	71311	10120	0.377	
\\Mac\Home\Documents\Steve\23-10_Manchester2_Mo\Campbell\NEB8A__xrf\XRF data\L000052.spe	1239.00	5.64	1	0.017526	-0.012928	0.010012	0.091030	64504	1.41	0	17	0	15	8	0	119	35	218	121	26	38	16	1202	31	160	95	5	19	0	1623	50	221	0	140	27	11	20	13	0	837	0	242	0	0	0	11	0	59	273	44	0	0	0	0	27	196	177	28	69531	9684	0.377	
\\Mac\Home\Documents\Steve\23-10_Manchester2_Mo\Campbell\NEB8A__xrf\XRF data\L000053.spe	1240.00	5.65	1	0.017526	-0.012928	0.010012	0.091030	65867	1.11	0	37	9	0	11	0	161	21	238	51	0	24	0	980	53	183	126	22	0	0	1662	256	365	63	78	0	12	0	14	10	208	62	0	0	0	111	296	0	0	45	0	0	0	62	143	236	153	196	369	72433	10224	0.381	
\\Mac\Home\Documents\Steve\23-10_Manchester2_Mo\Campbell\NEB8A__xrf\XRF data\L000054.spe	1241.00	5.64	1	0.017526	-0.012928	0.010012	0.091030	66120	1.55	48	72	37	0	27	0	120	19	177	86	0	17	0	932	121	197	47	10	0	0	1953	68	195	0	0	11	0	0	0	139	799	0	9	0	0	60	100	0	0	170	0	25	0	0	258	364	80	25	120	71576	9901	0.381	
\\Mac\Home\Documents\Steve\23-10_Manchester2_Mo\Campbell\NEB8A__xrf\XRF data\L000055.spe	1242.00	5.64	1	0.017526	-0.012928	0.010012	0.091030	66768	1.21	15	27	14	0	0	0	132	13	225	100	0	41	11	997	77	252	64	68	90	0	2130	0	92	139	207	12	0	4	0	113	727	112	0	0	0	0	0	60	156	9	0	19	0	0	0	221	108	234	350	71394	10238	0.383	
\\Mac\Home\Documents\Steve\23-10_Manchester2_Mo\Campbell\NEB8A__xrf\XRF data\L000056.spe	1243.00	5.64	1	0.017526	-0.012928	0.010012	0.091030	67193	1.38	0	41	0	19	14	7	163	16	258	108	0	11	0	1087	82	194	155	0	0	32	1969	355	447	95	118	8	0	0	0	0	0	18	0	0	0	6	73	371	34	0	0	11	0	657	910	339	286	314	468	72878	10084	0.383	
\\Mac\Home\Documents\Steve\23-10_Manchester2_Mo\Campbell\NEB8A__xrf\XRF data\L000057.spe	1244.00	5.64	1	0.017526	-0.012928	0.010012	0.091030	66644	1.36	7	30	0	0	0	6	129	13	233	61	0	11	0	927	30	184	98	86	0	0	1928	409	114	59	42	0	0	0	0	141	824	167	0	0	282	114	48	39	0	0	0	0	0	0	0	0	64	135	234	72565	10160	0.384	
\\Mac\Home\Documents\Steve\23-10_Manchester2_Mo\Campbell\NEB8A__xrf\XRF data\L000058.spe	1245.00	5.65	1	0.017526	-0.012928	0.010012	0.091030	66970	1.09	14	0	0	0	0	0	126	14	251	124	0	0	0	938	0	147	56	43	0	0	2038	104	230	64	33	0	0	11	0	0	403	44	0	0	0	143	37	0	0	0	43	0	88	0	166	231	308	118	184	72179	10071	0.384	
\\Mac\Home\Documents\Steve\23-10_Manchester2_Mo\Campbell\NEB8A__xrf\XRF data\L000059.spe	1246.00	5.66	1	0.017526	-0.012928	0.010012	0.091030	65486	1.15	7	53	22	26	15	10	162	27	226	82	19	38	0	920	27	181	11	0	0	68	1759	241	220	0	0	18	10	11	0	150	97	0	0	0	13	252	134	0	89	88	0	0	0	126	346	150	147	5	305	72185	9694	0.381	
\\Mac\Home\Documents\Steve\23-10_Manchester2_Mo\Campbell\NEB8A__xrf\XRF data\L000060.spe	1247.00	5.67	1	0.017526	-0.012928	0.010012	0.091030	67530	1.18	6	27	0	0	24	0	154	19	224	126	8	7	0	929	104	172	112	0	98	29	1763	39	223	0	0	5	0	0	0	0	55	0	0	0	0	0	0	0	94	0	0	0	0	86	303	548	199	271	572	73214	10088	0.386	
\\Mac\Home\Documents\Steve\23-10_Manchester2_Mo\Campbell\NEB8A__xrf\XRF data\L000061.spe	1248.00	5.68	1	0.017526	-0.012928	0.010012	0.091030	62665	2.08	0	27	0	0	0	0	151	31	315	102	0	46	0	1050	301	221	58	17	0	102	1320	363	136	39	0	0	0	9	0	116	0	0	0	0	0	180	0	185	72	0	0	19	0	991	1122	465	157	128	356	70096	9706	0.375	
\\Mac\Home\Documents\Steve\23-10_Manchester2_Mo\Campbell\NEB8A__xrf\XRF data\L000062.spe	1249.00	5.67	1	0.017526	-0.012928	0.010012	0.091030	59595	1.27	0	0	0	0	0	0	170	7	251	41	0	26	0	702	115	172	0	15	92	53	1349	0	125	18	40	8	9	12	0	248	0	98	58	0	0	0	0	0	0	258	0	0	0	332	409	484	0	0	84	68148	9369	0.368	
\\Mac\Home\Documents\Steve\23-10_Manchester2_Mo\Campbell\NEB8A__xrf\XRF data\L000063.spe	1250.00	5.67	1	0.017526	-0.012928	0.010012	0.091030	64895	1.19	39	48	20	0	0	0	119	0	363	67	0	0	0	1089	46	198	179	126	113	25	1686	0	306	67	0	0	0	0	13	0	112	14	4	123	0	0	12	0	0	426	29	0	0	150	190	593	146	325	269	71936	10381	0.381	
\\Mac\Home\Documents\Steve\23-10_Manchester2_Mo\Campbell\NEB8A__xrf\XRF data\L000064.spe	1251.00	5.65	1	0.017526	-0.012928	0.010012	0.091030	66250	1.27	0	55	0	5	11	0	136	0	336	75	0	13	8	920	101	141	86	66	37	46	1840	230	387	166	0	0	0	0	0	6	517	0	0	0	0	71	198	135	0	0	0	0	0	0	10	576	183	239	341	72311	10145	0.384	
\\Mac\Home\Documents\Steve\23-10_Manchester2_Mo\Campbell\NEB8A__xrf\XRF data\L000065.spe	1252.00	5.66	1	0.017526	-0.012928	0.010012	0.091030	66404	1.45	0	33	0	0	0	0	184	0	249	40	0	19	12	587	0	210	86	26	0	0	1415	0	122	131	0	0	0	0	0	166	708	105	0	72	0	106	104	0	0	524	0	14	126	0	0	317	87	0	304	72880	9628	0.384	
\\Mac\Home\Documents\Steve\23-10_Manchester2_Mo\Campbell\NEB8A__xrf\XRF data\L000066.spe	1253.00	5.66	1	0.017526	-0.012928	0.010012	0.091030	66387	1.78	0	41	0	0	19	12	141	0	180	5	0	29	10	532	10	215	75	23	0	0	1372	0	172	0	0	11	20	0	29	101	1236	0	0	0	0	0	0	0	186	0	0	0	0	0	0	85	17	292	139	72998	10171	0.384	
\\Mac\Home\Documents\Steve\23-10_Manchester2_Mo\Campbell\NEB8A__xrf\XRF data\L000067.spe	1254.00	5.66	1	0.017526	-0.012928	0.010012	0.091030	66655	2.37	22	26	0	0	0	0	169	23	214	63	0	8	0	486	0	195	125	8	0	109	1179	158	222	0	0	0	0	0	0	0	0	0	0	0	0	52	141	0	0	0	0	0	0	1466	1382	507	424	415	524	73144	10070	0.384	
\\Mac\Home\Documents\Steve\23-10_Manchester2_Mo\Campbell\NEB8A__xrf\XRF data\L000068.spe	1255.00	5.66	1	0.017526	-0.012928	0.010012	0.091030	66581	1.20	0	0	0	0	0	0	131	4	216	66	0	13	0	559	61	152	118	98	56	0	1042	0	216	0	0	0	0	0	0	0	0	18	0	0	0	0	0	0	10	39	0	0	0	222	255	174	188	121	490	73027	10217	0.385	
\\Mac\Home\Documents\Steve\23-10_Manchester2_Mo\Campbell\NEB8A__xrf\XRF data\L000069.spe	1256.00	5.67	1	0.017526	-0.012928	0.010012	0.091030	65207	1.52	0	40	6	0	0	0	139	36	176	65	0	0	0	567	92	203	98	36	117	91	1415	169	240	0	58	4	0	21	7	19	0	0	0	0	0	0	36	0	203	46	0	0	0	696	663	811	94	184	401	71057	9902	0.382	
\\Mac\Home\Documents\Steve\23-10_Manchester2_Mo\Campbell\NEB8A__xrf\XRF data\L000070.spe	1257.00	5.68	1	0.017526	-0.012928	0.010012	0.091030	63497	1.18	14	11	0	0	9	0	178	29	218	38	12	0	0	593	0	181	0	51	71	0	930	218	180	0	0	0	8	0	0	265	364	0	0	0	0	26	48	6	0	0	64	0	0	0	161	283	0	228	151	71431	9857	0.378	
\\Mac\Home\Documents\Steve\23-10_Manchester2_Mo\Campbell\NEB8A__xrf\XRF data\L000071.spe	1258.00	5.67	1	0.017526	-0.012928	0.010012	0.091030	65156	1.21	0	39	15	11	13	0	139	0	168	27	0	0	0	484	57	211	54	69	0	0	1076	0	268	41	75	0	0	0	7	105	692	27	0	0	0	31	0	0	147	237	0	0	0	0	0	31	0	120	184	71933	10018	0.381	
\\Mac\Home\Documents\Steve\23-10_Manchester2_Mo\Campbell\NEB8A__xrf\XRF data\L000072.spe	1259.00	5.66	1	0.017526	-0.012928	0.010012	0.091030	66361	1.81	52	0	0	0	0	0	145	22	217	70	13	0	0	603	169	191	133	96	28	0	1115	0	144	0	0	0	0	0	0	30	1189	0	0	0	0	16	43	0	41	375	0	18	0	0	0	105	204	246	231	72910	10171	0.384	
\\Mac\Home\Documents\Steve\23-10_Manchester2_Mo\Campbell\NEB8A__xrf\XRF data\L000073.spe	1260.00	5.67	1	0.017526	-0.012928	0.010012	0.091030	65242	1.53	0	48	12	0	0	6	172	18	175	36	7	0	0	599	84	164	52	0	0	0	1022	0	73	0	72	19	12	0	0	244	887	30	146	0	0	64	0	0	37	156	0	0	0	0	0	238	0	0	0	72126	9870	0.382	
\\Mac\Home\Documents\Steve\23-10_Manchester2_Mo\Campbell\NEB8A__xrf\XRF data\L000074.spe	1261.00	5.66	1	0.017526	-0.012928	0.010012	0.091030	65873	1.82	8	24	6	15	16	0	182	21	196	57	39	7	0	610	66	192	72	12	0	0	1348	184	253	102	0	0	30	0	0	43	992	117	0	0	0	161	123	80	0	0	0	12	0	0	0	436	143	121	251	72154	10049	0.384	
\\Mac\Home\Documents\Steve\23-10_Manchester2_Mo\Campbell\NEB8A__xrf\XRF data\L000075.spe	1262.00	5.68	1	0.017526	-0.012928	0.010012	0.091030	65352	1.42	47	41	5	9	0	0	170	0	176	35	0	19	0	502	0	187	109	22	165	78	1146	112	0	0	0	28	0	0	4	0	0	0	0	0	0	0	0	105	0	0	0	0	0	559	816	784	253	249	401	72443	10157	0.383	
\\Mac\Home\Documents\Steve\23-10_Manchester2_Mo\Campbell\NEB8A__xrf\XRF data\L000076.spe	1263.00	5.66	1	0.017526	-0.012928	0.010012	0.091030	67129	2.54	9	47	9	8	0	0	186	17	205	39	17	33	0	505	39	156	10	31	0	0	1078	246	446	104	232	23	0	0	0	209	1522	0	0	0	0	75	118	48	0	0	0	0	0	0	0	0	43	75	341	72382	10409	0.387	
\\Mac\Home\Documents\Steve\23-10_Manchester2_Mo\Campbell\NEB8A__xrf\XRF data\L000077.spe	1264.00	5.67	1	0.017526	-0.012928	0.010012	0.091030	65972	1.22	0	15	9	13	33	0	135	12	174	34	0	0	11	497	43	207	56	35	0	0	774	175	209	132	35	17	0	20	0	109	459	0	0	0	56	100	279	0	0	0	0	0	0	0	0	33	58	70	276	72580	10076	0.384	
\\Mac\Home\Documents\Steve\23-10_Manchester2_Mo\Campbell\NEB8A__xrf\XRF data\L000078.spe	1265.00	5.62	1	0.017526	-0.012928	0.010012	0.091030	68417	1.23	0	35	0	0	20	0	124	16	199	13	0	17	0	559	109	220	117	35	0	0	1241	143	271	61	99	4	18	0	15	0	0	0	0	0	0	76	152	0	0	0	0	0	0	452	407	627	195	362	548	74121	10248	0.390	
\\Mac\Home\Documents\Steve\23-10_Manchester2_Mo\Campbell\NEB8A__xrf\XRF data\L000079.spe	1266.00	5.65	1	0.017526	-0.012928	0.010012	0.091030	67608	1.71	0	31	0	13	0	0	153	26	148	66	0	0	7	473	25	203	47	82	127	0	852	49	152	0	135	0	12	0	0	156	1042	155	147	0	99	0	0	0	290	0	0	0	0	0	0	0	109	0	93	73214	10539	0.388	
\\Mac\Home\Documents\Steve\23-10_Manchester2_Mo\Campbell\NEB8A__xrf\XRF data\L000080.spe	1267.00	5.64	1	0.017526	-0.012928	0.010012	0.091030	71779	1.23	9	66	42	0	0	7	165	18	189	6	36	0	0	689	0	234	167	73	310	98	1060	25	178	114	145	0	14	0	5	0	0	0	0	0	0	0	0	0	340	0	10	0	122	310	521	399	444	458	579	75434	10502	0.397	
\\Mac\Home\Documents\Steve\23-10_Manchester2_Mo\Campbell\NEB8A__xrf\XRF data\L000081.spe	1268.00	5.68	1	0.017526	-0.012928	0.010012	0.091030	66802	1.20	13	45	14	0	18	11	160	29	201	37	0	25	15	606	183	187	146	25	0	0	1106	0	193	0	140	0	17	0	17	27	0	54	0	0	0	182	0	0	0	177	0	14	0	583	685	442	228	233	316	72816	10271	0.386	
\\Mac\Home\Documents\Steve\23-10_Manchester2_Mo\Campbell\NEB8A__xrf\XRF data\L000082.spe	1269.00	5.65	1	0.017526	-0.012928	0.010012	0.091030	69877	1.64	0	11	16	8	0	0	128	25	169	35	0	7	5	569	88	234	145	0	0	0	1147	155	278	8	0	0	6	0	0	46	1021	21	98	77	0	206	229	107	0	0	0	0	0	0	0	49	150	268	154	74185	10214	0.393	
\\Mac\Home\Documents\Steve\23-10_Manchester2_Mo\Campbell\NEB8A__xrf\XRF data\L000083.spe	1270.00	5.67	1	0.017526	-0.012928	0.010012	0.091030	70226	1.19	11	24	0	0	18	0	108	10	165	19	0	0	0	648	0	237	84	81	65	0	1042	30	26	99	54	20	19	10	16	103	421	62	0	0	0	8	43	0	251	171	15	0	86	0	81	565	164	199	574	74300	10356	0.394	
\\Mac\Home\Documents\Steve\23-10_Manchester2_Mo\Campbell\NEB8A__xrf\XRF data\L000084.spe	1271.00	5.65	1	0.017526	-0.012928	0.010012	0.091030	70859	1.34	25	15	0	22	0	0	127	21	208	31	0	9	0	818	0	119	74	12	0	0	1015	203	263	12	230	6	8	13	7	0	634	0	0	0	0	18	0	236	178	0	0	0	19	0	0	437	303	271	314	74401	10393	0.395	
\\Mac\Home\Documents\Steve\23-10_Manchester2_Mo\Campbell\NEB8A__xrf\XRF data\L000085.spe	1272.00	5.66	1	0.017526	-0.012928	0.010012	0.091030	68970	1.27	39	68	55	20	11	10	125	29	203	76	0	13	0	590	71	244	185	69	74	0	943	0	134	11	0	5	8	0	0	0	489	51	0	0	0	0	0	0	6	83	10	0	0	0	241	457	202	246	285	74468	10374	0.392	
\\Mac\Home\Documents\Steve\23-10_Manchester2_Mo\Campbell\NEB8A__xrf\XRF data\L000086.spe	1273.00	5.67	1	0.017526	-0.012928	0.010012	0.091030	70111	1.13	15	5	0	6	0	13	114	20	193	215	15	0	19	854	0	217	139	91	163	0	745	133	99	28	0	7	8	0	0	0	430	101	150	0	0	0	0	103	238	0	29	0	40	0	199	218	289	298	53	74851	10304	0.393	
\\Mac\Home\Documents\Steve\23-10_Manchester2_Mo\Campbell\NEB8A__xrf\XRF data\L000087.spe	1274.00	5.69	1	0.017526	-0.012928	0.010012	0.091030	70061	1.98	0	13	0	8	7	9	111	5	194	27	0	0	0	760	107	177	87	11	74	0	869	0	178	50	45	10	14	0	0	137	1257	37	0	0	0	0	48	27	54	182	0	0	0	0	0	217	100	172	346	74845	10479	0.391	
\\Mac\Home\Documents\Steve\23-10_Manchester2_Mo\Campbell\NEB8A__xrf\XRF data\L000088.spe	1275.00	5.73	1	0.017526	-0.012928	0.010012	0.091030	65329	1.17	39	61	28	11	9	5	138	37	216	39	0	26	0	667	19	186	158	31	281	0	821	93	146	102	0	5	0	0	0	0	0	0	0	0	0	0	0	0	256	0	0	0	0	262	537	494	335	342	327	72020	9810	0.381	
\\Mac\Home\Documents\Steve\23-10_Manchester2_Mo\Campbell\NEB8A__xrf\XRF data\L000089.spe	1276.00	5.74	1	0.017526	-0.012928	0.010012	0.091030	65687	1.11	17	27	14	0	23	0	165	0	194	43	11	7	0	707	51	122	66	0	72	0	698	0	268	246	59	11	9	8	0	80	261	115	190	74	0	62	0	0	174	245	0	0	0	0	69	146	164	73	0	71768	9932	0.380	
\\Mac\Home\Documents\Steve\23-10_Manchester2_Mo\Campbell\NEB8A__xrf\XRF data\L000090.spe	1277.00	5.74	1	0.017526	-0.012928	0.010012	0.091030	64716	1.08	0	22	15	0	25	11	142	21	219	35	0	47	0	887	0	186	73	50	0	38	698	8	135	0	0	18	11	14	16	142	0	28	0	0	0	43	150	0	0	150	59	0	0	191	382	337	128	74	414	70836	9700	0.378	
\\Mac\Home\Documents\Steve\23-10_Manchester2_Mo\Campbell\NEB8A__xrf\XRF data\L000091.spe	1278.00	5.76	1	0.017526	-0.012928	0.010012	0.091030	63558	1.11	12	52	14	0	0	0	146	11	224	60	14	0	23	847	0	209	44	0	0	35	501	98	242	246	0	0	0	0	0	160	0	0	0	0	16	91	210	96	0	0	0	0	40	323	351	132	8	118	419	71494	9968	0.376	
\\Mac\Home\Documents\Steve\23-10_Manchester2_Mo\Campbell\NEB8A__xrf\XRF data\L000092.spe	1279.00	5.77	1	0.017526	-0.012928	0.010012	0.091030	63415	1.26	17	22	11	11	0	11	167	25	184	15	0	6	0	786	13	248	86	20	0	0	810	0	258	185	0	18	0	5	7	28	393	0	0	0	0	0	0	0	179	401	15	0	0	0	313	330	192	170	208	71554	9829	0.378	
\\Mac\Home\Documents\Steve\23-10_Manchester2_Mo\Campbell\NEB8A__xrf\XRF data\L000093.spe	1280.00	5.74	1	0.017526	-0.012928	0.010012	0.091030	68680	1.34	15	60	16	0	4	0	166	41	271	41	13	0	0	958	83	253	127	26	0	0	819	42	148	0	57	0	14	0	0	329	346	0	0	0	0	203	180	0	0	110	0	0	0	0	212	269	0	119	304	72447	9771	0.388	
\\Mac\Home\Documents\Steve\23-10_Manchester2_Mo\Campbell\NEB8A__xrf\XRF data\L000094.spe	1281.00	5.75	1	0.017526	-0.012928	0.010012	0.091030	64983	1.18	0	13	5	0	0	0	151	16	240	57	0	24	0	874	124	136	58	25	0	0	819	104	228	14	50	16	0	0	0	90	287	30	74	165	0	287	0	61	0	0	0	0	0	0	0	483	34	100	50	71750	9646	0.381	
\\Mac\Home\Documents\Steve\23-10_Manchester2_Mo\Campbell\NEB8A__xrf\XRF data\L000095.spe	1282.00	5.76	1	0.017526	-0.012928	0.010012	0.091030	64414	1.50	0	26	0	0	15	0	167	17	236	52	0	25	14	853	76	163	111	0	0	0	795	37	258	166	8	0	0	0	0	176	1004	65	54	0	0	51	96	122	0	0	0	33	0	0	0	0	0	76	17	71361	9871	0.379	
\\Mac\Home\Documents\Steve\23-10_Manchester2_Mo\Campbell\NEB8A__xrf\XRF data\L000096.spe	1283.00	5.71	1	0.017526	-0.012928	0.010012	0.091030	71031	1.28	10	44	5	0	0	0	124	14	260	65	20	0	5	908	163	219	104	58	0	0	718	202	91	43	122	0	0	0	0	88	627	11	0	0	204	68	18	173	34	0	0	0	0	0	38	0	102	139	388	75234	10521	0.394	
\\Mac\Home\Documents\Steve\23-10_Manchester2_Mo\Campbell\NEB8A__xrf\XRF data\L000097.spe	1284.00	5.70	1	0.017526	-0.012928	0.010012	0.091030	72891	1.49	27	51	11	8	0	4	132	14	231	65	0	19	0	719	80	188	26	42	0	0	912	172	200	0	161	8	19	0	12	144	888	0	0	0	0	105	116	0	38	0	0	0	0	0	0	389	158	184	767	76336	10660	0.399	
\\Mac\Home\Documents\Steve\23-10_Manchester2_Mo\Campbell\NEB8A__xrf\XRF data\L000098.spe	1285.00	5.74	1	0.017526	-0.012928	0.010012	0.091030	68655	1.33	0	37	19	0	0	0	115	9	216	20	6	0	0	601	0	186	80	56	0	0	695	31	251	0	0	10	6	0	17	15	740	39	0	0	0	112	0	161	43	0	0	0	0	0	0	155	231	197	407	74180	10106	0.388	
\\Mac\Home\Documents\Steve\23-10_Manchester2_Mo\Campbell\NEB8A__xrf\XRF data\L000099.spe	1286.00	5.73	1	0.017526	-0.012928	0.010012	0.091030	69931	2.13	0	9	0	0	9	0	126	6	186	29	9	21	8	639	21	218	150	85	0	0	897	76	192	74	0	21	12	0	0	102	1477	0	0	0	0	40	30	0	0	0	0	31	0	0	0	222	79	313	137	73842	10206	0.391	
\\Mac\Home\Documents\Steve\23-10_Manchester2_Mo\Campbell\NEB8A__xrf\XRF data\L000100.spe	1287.00	5.76	1	0.017526	-0.012928	0.010012	0.091030	66789	1.75	0	36	12	9	6	0	114	6	183	12	0	14	0	488	37	172	91	23	52	0	860	0	247	0	0	0	4	0	19	0	1094	60	0	107	0	78	85	0	16	50	0	0	0	0	0	0	228	134	468	72890	10123	0.385	
\\Mac\Home\Documents\Steve\23-10_Manchester2_Mo\Campbell\NEB8A__xrf\XRF data\L000101.spe	1288.00	5.76	1	0.017526	-0.012928	0.010012	0.091030	66073	1.37	7	30	0	0	6	22	129	13	242	12	15	0	0	605	18	116	140	49	0	0	740	154	194	0	167	6	30	0	0	0	754	0	132	0	0	287	125	0	0	50	0	18	0	0	0	0	184	234	18	72413	10516	0.384	
\\Mac\Home\Documents\Steve\23-10_Manchester2_Mo\Campbell\NEB8A__xrf\XRF data\L000102.spe	1289.00	5.78	1	0.017526	-0.012928	0.010012	0.091030	65128	1.08	20	20	0	0	14	7	124	7	197	0	0	7	18	632	0	204	84	0	122	74	1008	151	132	0	132	17	8	0	31	232	133	31	0	0	0	0	0	0	12	0	54	0	67	112	245	661	110	50	234	71847	9997	0.382	
\\Mac\Home\Documents\Steve\23-10_Manchester2_Mo\Campbell\NEB8A__xrf\XRF data\L000103.spe	1290.00	5.79	1	0.017526	-0.012928	0.010012	0.091030	68609	1.23	0	18	0	0	6	10	148	23	262	40	0	9	0	663	0	189	30	72	0	62	803	337	155	77	0	9	0	0	0	8	425	16	0	0	376	24	88	240	0	0	51	0	78	0	92	0	357	276	484	74874	10263	0.388	
\\Mac\Home\Documents\Steve\23-10_Manchester2_Mo\Campbell\NEB8A__xrf\XRF data\L000104.spe	1291.00	5.78	1	0.017526	-0.012928	0.010012	0.091030	70228	1.09	4	28	7	22	35	0	116	35	218	41	0	8	0	704	0	212	42	26	0	0	1034	94	226	14	0	12	5	0	0	180	0	60	101	0	47	116	85	0	0	0	0	12	117	573	715	332	89	0	135	74528	10206	0.392	
\\Mac\Home\Documents\Steve\23-10_Manchester2_Mo\Campbell\NEB8A__xrf\XRF data\L000105.spe	1292.00	5.78	1	0.017526	-0.012928	0.010012	0.091030	67469	1.36	0	17	0	11	12	0	139	0	204	34	7	0	0	701	82	179	101	0	0	0	962	137	159	74	37	10	0	0	5	178	668	105	131	0	0	46	0	91	178	0	0	0	0	0	0	167	0	28	0	72662	10123	0.387	
\\Mac\Home\Documents\Steve\23-10_Manchester2_Mo\Campbell\NEB8A__xrf\XRF data\L000106.spe	1293.00	5.80	1	0.017526	-0.012928	0.010012	0.091030	64918	1.33	5	7	0	11	8	0	163	24	177	33	0	19	0	546	0	220	89	0	96	0	755	0	217	0	46	0	0	7	0	137	686	49	81	0	0	0	0	0	73	301	51	0	0	0	0	0	127	0	36	72268	9930	0.381	
\\Mac\Home\Documents\Steve\23-10_Manchester2_Mo\Campbell\NEB8A__xrf\XRF data\L000107.spe	1294.00	5.79	1	0.017526	-0.012928	0.010012	0.091030	67281	1.47	0	37	0	0	0	0	141	0	134	37	0	28	0	471	20	167	36	0	0	7	888	0	31	81	67	6	0	0	0	92	809	0	0	0	0	129	0	0	97	298	0	0	0	0	0	0	48	179	426	73208	10139	0.387	
\\Mac\Home\Documents\Steve\23-10_Manchester2_Mo\Campbell\NEB8A__xrf\XRF data\L000108.spe	1295.00	5.78	1	0.017526	-0.012928	0.010012	0.091030	69154	1.21	0	18	18	15	0	0	114	0	192	37	0	12	0	704	0	191	77	48	0	41	873	99	122	0	74	24	0	0	0	0	361	71	0	25	35	0	0	0	197	0	0	0	64	0	0	86	262	226	502	73218	10291	0.390	
\\Mac\Home\Documents\Steve\23-10_Manchester2_Mo\Campbell\NEB8A__xrf\XRF data\L000109.spe	1296.00	5.79	1	0.017526	-0.012928	0.010012	0.091030	68636	1.32	0	22	13	0	0	0	153	0	208	30	0	0	0	756	156	211	31	47	0	0	808	0	195	99	0	0	0	0	0	140	795	74	0	0	18	230	392	0	0	65	0	0	0	0	0	0	99	32	370	73288	9767	0.387	
\\Mac\Home\Documents\Steve\23-10_Manchester2_Mo\Campbell\NEB8A__xrf\XRF data\L000110.spe	1297.00	5.80	1	0.017526	-0.012928	0.010012	0.091030	65905	1.53	5	27	8	22	20	21	142	27	261	47	0	29	0	710	154	216	90	0	29	0	648	0	0	0	0	17	0	0	6	78	983	35	0	0	7	0	0	0	108	335	0	0	0	0	0	0	55	227	659	71002	9861	0.380	
\\Mac\Home\Documents\Steve\23-10_Manchester2_Mo\Campbell\NEB8A__xrf\XRF data\L000111.spe	1298.00	5.80	1	0.017526	-0.012928	0.010012	0.091030	64064	1.38	23	55	0	0	11	0	126	7	211	30	15	0	0	654	98	143	86	0	39	6	778	0	114	0	241	5	0	0	0	210	0	0	0	0	0	0	87	0	72	370	0	0	0	418	454	486	31	113	471	70624	9853	0.379	
\\Mac\Home\Documents\Steve\23-10_Manchester2_Mo\Campbell\NEB8A__xrf\XRF data\L000112.spe	1299.00	5.78	1	0.017526	-0.012928	0.010012	0.091030	68841	1.32	0	0	7	0	0	0	110	29	198	37	0	15	18	691	0	258	181	36	0	0	865	121	218	9	135	0	13	0	5	0	0	5	0	0	0	87	202	169	0	0	0	0	0	521	909	697	125	354	481	73433	9990	0.389	
\\Mac\Home\Documents\Steve\23-10_Manchester2_Mo\Campbell\NEB8A__xrf\XRF data\L000113.spe	1300.00	5.80	1	0.017526	-0.012928	0.010012	0.091030	68789	1.20	22	18	26	12	5	0	134	6	164	45	0	0	0	622	0	146	94	18	0	0	939	161	0	0	43	8	0	0	0	33	0	0	0	26	0	65	0	0	0	0	0	0	122	330	317	590	144	329	423	73147	10092	0.389	
\\Mac\Home\Documents\Steve\23-10_Manchester2_Mo\Campbell\NEB8A__xrf\XRF data\L000114.spe	1301.00	5.82	1	0.017526	-0.012928	0.010012	0.091030	68797	1.27	19	35	0	0	0	0	137	17	201	69	11	18	0	684	148	225	31	0	0	0	795	52	229	15	121	0	0	0	0	172	191	0	0	0	0	145	128	55	70	254	0	0	0	56	309	149	60	142	392	73542	9882	0.389	
\\Mac\Home\Documents\Steve\23-10_Manchester2_Mo\Campbell\NEB8A__xrf\XRF data\L000115.spe	1302.00	5.82	1	0.017526	-0.012928	0.010012	0.091030	68322	1.64	0	15	0	0	26	0	141	18	208	29	9	0	0	700	99	235	151	25	119	0	818	0	104	0	80	14	0	0	0	0	0	93	23	40	0	0	6	0	79	93	0	18	0	1161	1069	585	340	256	362	72390	10326	0.388	
\\Mac\Home\Documents\Steve\23-10_Manchester2_Mo\Campbell\NEB8A__xrf\XRF data\L000116.spe	1303.00	5.83	1	0.017526	-0.012928	0.010012	0.091030	68456	1.09	0	26	0	14	28	0	142	42	247	38	0	12	18	774	0	158	83	0	0	51	703	273	215	51	0	13	11	6	4	0	6	65	0	0	81	109	0	205	0	0	0	0	0	92	403	143	290	240	226	73305	10209	0.388	
\\Mac\Home\Documents\Steve\23-10_Manchester2_Mo\Campbell\NEB8A__xrf\XRF data\L000117.spe	1304.00	5.84	1	0.017526	-0.012928	0.010012	0.091030	67591	1.28	0	59	19	0	19	0	142	23	207	123	0	0	0	1033	0	225	159	53	0	0	735	30	279	0	201	0	21	0	0	0	0	34	0	10	0	0	95	0	26	36	0	0	28	731	816	366	144	322	451	72324	10105	0.387	
\\Mac\Home\Documents\Steve\23-10_Manchester2_Mo\Campbell\NEB8A__xrf\XRF data\L000118.spe	1305.00	5.84	1	0.017526	-0.012928	0.010012	0.091030	69509	1.63	34	63	20	28	9	0	99	20	236	47	0	16	0	621	5	209	89	0	0	0	797	96	391	0	24	0	8	0	0	202	1072	68	0	0	0	75	117	71	0	306	0	0	0	0	0	128	0	0	249	74543	10375	0.391	
\\Mac\Home\Documents\Steve\23-10_Manchester2_Mo\Campbell\NEB8A__xrf\XRF data\L000119.spe	1306.00	5.85	1	0.017526	-0.012928	0.010012	0.091030	68310	1.50	0	33	0	0	0	5	148	28	259	62	0	28	0	607	0	176	114	59	40	60	511	296	259	0	81	13	15	0	0	0	0	0	0	0	182	0	0	255	79	0	0	0	63	969	1208	140	361	376	300	72791	10339	0.389	
\\Mac\Home\Documents\Steve\23-10_Manchester2_Mo\Campbell\NEB8A__xrf\XRF data\L000120.spe	1307.00	5.86	1	0.017526	-0.012928	0.010012	0.091030	67865	1.37	21	18	27	0	0	0	98	0	187	35	0	18	0	529	26	160	8	56	0	17	770	60	239	63	0	0	18	0	0	326	415	0	0	0	70	0	0	347	99	0	0	0	0	0	177	79	0	108	248	73348	9990	0.387	
\\Mac\Home\Documents\Steve\23-10_Manchester2_Mo\Campbell\NEB8A__xrf\XRF data\L000121.spe	1308.00	5.86	1	0.017526	-0.012928	0.010012	0.091030	68827	1.49	0	15	0	4	0	7	116	17	272	66	0	0	15	533	92	223	174	24	121	0	961	0	244	93	31	0	16	0	0	0	0	0	0	0	0	0	0	0	286	170	0	0	0	758	927	709	448	280	668	73051	10184	0.390	
\\Mac\Home\Documents\Steve\23-10_Manchester2_Mo\Campbell\NEB8A__xrf\XRF data\L000122.spe	1309.00	5.87	1	0.017526	-0.012928	0.010012	0.091030	69165	1.62	17	0	9	13	0	0	102	43	252	46	0	0	0	620	0	156	0	0	39	0	898	301	262	100	0	0	0	0	0	120	1036	167	104	0	0	33	0	145	42	0	0	41	0	0	0	78	111	0	267	74261	10085	0.389	
\\Mac\Home\Documents\Steve\23-10_Manchester2_Mo\Campbell\NEB8A__xrf\XRF data\L000123.spe	1310.00	5.86	1	0.017526	-0.012928	0.010012	0.091030	68540	1.75	23	21	10	15	28	0	111	19	246	25	12	21	0	661	29	159	170	69	0	0	885	72	12	0	100	0	4	0	0	0	1099	6	28	0	0	43	0	0	0	0	0	0	0	0	0	166	229	357	315	72894	10409	0.388	
\\Mac\Home\Documents\Steve\23-10_Manchester2_Mo\Campbell\NEB8A__xrf\XRF data\L000124.spe	1311.00	5.89	1	0.017526	-0.012928	0.010012	0.091030	67785	1.38	0	22	0	0	0	0	95	0	223	58	0	0	0	697	20	196	116	47	0	0	812	45	414	169	0	8	0	0	0	62	487	114	0	0	27	242	132	93	0	0	4	0	0	0	0	62	236	123	794	72309	10069	0.386	
\\Mac\Home\Documents\Steve\23-10_Manchester2_Mo\Campbell\NEB8A__xrf\XRF data\L000125.spe	1312.00	5.88	1	0.017526	-0.012928	0.010012	0.091030	69219	1.19	0	44	23	0	0	0	130	11	197	37	0	39	5	718	55	168	159	19	6	0	685	155	235	116	226	20	0	0	8	0	163	0	0	0	229	65	84	5	10	0	0	26	0	118	366	0	269	403	282	74090	10237	0.390	
\\Mac\Home\Documents\Steve\23-10_Manchester2_Mo\Campbell\NEB8A__xrf\XRF data\L000126.spe	1313.00	5.89	1	0.017526	-0.012928	0.010012	0.091030	68613	1.08	28	42	0	33	0	6	103	31	192	23	0	37	0	678	95	147	116	16	0	0	973	10	159	177	96	5	0	10	13	17	0	53	0	36	0	103	104	76	41	0	0	0	0	479	417	534	212	180	534	73948	10373	0.389	
\\Mac\Home\Documents\Steve\23-10_Manchester2_Mo\Campbell\NEB8A__xrf\XRF data\L000127.spe	1314.00	5.88	1	0.017526	-0.012928	0.010012	0.091030	70457	1.34	0	20	0	14	14	0	129	21	223	74	0	6	0	650	0	221	140	66	0	99	979	0	62	0	12	25	0	0	0	0	0	0	0	0	0	0	19	0	0	242	84	0	0	366	765	655	327	236	534	74856	10687	0.393	
\\Mac\Home\Documents\Steve\23-10_Manchester2_Mo\Campbell\NEB8A__xrf\XRF data\L000128.spe	1315.00	5.91	1	0.017526	-0.012928	0.010012	0.091030	67865	1.25	0	46	40	8	5	0	144	14	206	19	0	28	0	565	0	245	68	0	0	0	690	306	219	0	0	13	15	6	6	163	597	136	25	0	0	199	29	97	157	0	10	0	0	0	0	98	91	0	267	74097	9997	0.387	
\\Mac\Home\Documents\Steve\23-10_Manchester2_Mo\Campbell\NEB8A__xrf\XRF data\L000129.spe	1316.00	5.87	1	0.017526	-0.012928	0.010012	0.091030	70875	1.64	17	18	0	18	37	0	142	33	228	88	0	0	0	682	126	206	102	36	56	0	847	242	196	0	10	20	5	0	0	73	0	0	0	0	0	0	130	42	0	0	0	0	0	860	1171	700	232	174	475	73915	10072	0.395	
\\Mac\Home\Documents\Steve\23-10_Manchester2_Mo\Campbell\NEB8A__xrf\XRF data\L000130.spe	1317.00	5.91	1	0.017526	-0.012928	0.010012	0.091030	68279	1.28	11	52	13	7	14	0	123	12	153	21	0	0	5	558	99	152	59	20	0	0	828	161	151	0	0	15	0	0	0	116	0	0	0	0	0	223	233	62	0	0	0	0	0	445	641	544	235	132	339	73803	10222	0.388	
\\Mac\Home\Documents\Steve\23-10_Manchester2_Mo\Campbell\NEB8A__xrf\XRF data\L000131.spe	1318.00	5.87	1	0.017526	-0.012928	0.010012	0.091030	71810	1.35	14	28	0	5	0	0	114	26	264	34	0	12	12	625	139	165	156	43	0	0	818	265	268	0	100	0	0	17	0	0	839	0	129	0	0	179	121	100	0	0	0	0	0	0	0	205	161	203	148	75012	10486	0.396	
\\Mac\Home\Documents\Steve\23-10_Manchester2_Mo\Campbell\NEB8A__xrf\XRF data\L000132.spe	1319.00	5.90	1	0.017526	-0.012928	0.010012	0.091030	69406	1.18	12	64	11	0	14	21	129	26	208	50	0	0	0	585	87	258	51	0	95	5	796	0	173	68	0	12	0	0	0	260	284	102	0	0	0	0	0	17	106	72	0	0	0	0	221	535	11	129	349	73808	10466	0.390	
\\Mac\Home\Documents\Steve\23-10_Manchester2_Mo\Campbell\NEB8A__xrf\XRF data\L000133.spe	1320.00	5.90	1	0.017526	-0.012928	0.010012	0.091030	69999	1.22	17	38	8	0	0	13	115	23	168	31	4	13	0	583	93	179	110	0	0	0	787	0	247	117	0	35	6	9	0	0	243	0	0	0	0	236	150	10	0	0	0	0	0	0	253	394	277	333	331	74429	10341	0.394	
\\Mac\Home\Documents\Steve\23-10_Manchester2_Mo\Campbell\NEB8A__xrf\XRF data\L000134.spe	1321.00	5.89	1	0.017526	-0.012928	0.010012	0.091030	70992	1.72	10	34	0	0	15	0	125	19	218	28	32	33	0	636	53	196	115	0	0	0	565	105	164	40	5	17	18	0	6	49	1048	0	0	0	319	203	263	102	0	0	0	0	0	0	0	0	127	200	306	76027	10194	0.395	
\\Mac\Home\Documents\Steve\23-10_Manchester2_Mo\Campbell\NEB8A__xrf\XRF data\L000135.spe	1322.00	5.90	1	0.017526	-0.012928	0.010012	0.091030	70749	1.65	32	41	0	18	14	10	123	33	181	7	0	28	0	655	215	265	169	120	0	0	870	51	81	0	27	26	11	0	18	88	1140	12	0	0	0	0	40	0	60	0	0	14	0	0	0	260	156	285	368	74889	10413	0.395	
\\Mac\Home\Documents\Steve\23-10_Manchester2_Mo\Campbell\NEB8A__xrf\XRF data\L000136.spe	1323.00	5.91	1	0.017526	-0.012928	0.010012	0.091030	69160	1.19	11	53	14	0	0	0	117	7	197	12	0	9	0	620	47	204	42	9	0	0	611	0	186	0	0	0	7	0	19	233	0	0	0	0	0	257	207	0	0	225	0	0	0	546	589	531	28	244	292	74703	10519	0.392	
\\Mac\Home\Documents\Steve\23-10_Manchester2_Mo\Campbell\NEB8A__xrf\XRF data\L000137.spe	1324.00	5.92	1	0.017526	-0.012928	0.010012	0.091030	71292	1.05	49	38	24	23	0	0	144	24	229	0	16	0	0	641	66	160	106	0	0	0	607	21	155	0	0	4	9	0	16	40	121	76	0	0	0	0	146	0	0	33	0	0	0	127	354	335	272	143	426	75680	10678	0.395	
\\Mac\Home\Documents\Steve\23-10_Manchester2_Mo\Campbell\NEB8A__xrf\XRF data\L000138.spe	1325.00	5.91	1	0.017526	-0.012928	0.010012	0.091030	70166	0.99	8	56	0	8	12	0	136	6	229	51	0	7	0	612	10	198	91	100	53	38	551	220	28	0	18	16	0	10	0	220	0	165	0	12	0	0	120	0	0	0	0	0	56	382	357	329	66	13	336	74784	10488	0.391	
\\Mac\Home\Documents\Steve\23-10_Manchester2_Mo\Campbell\NEB8A__xrf\XRF data\L000139.spe	1326.00	5.86	1	0.017526	-0.012928	0.010012	0.091030	69768	1.19	0	20	8	0	8	0	95	29	227	32	0	0	6	564	123	182	211	86	74	0	786	0	193	68	0	0	0	0	5	0	84	66	99	0	0	0	0	0	0	650	0	0	0	178	569	502	263	262	244	73990	10156	0.394	
\\Mac\Home\Documents\Steve\23-10_Manchester2_Mo\Campbell\NEB8A__xrf\XRF data\L000140.spe	1327.00	5.88	1	0.017526	-0.012928	0.010012	0.091030	67385	1.80	0	40	17	0	0	0	119	24	215	66	18	0	0	636	64	236	206	91	0	0	249	261	0	0	166	15	0	0	0	0	1195	0	0	0	180	60	124	0	0	0	0	0	0	0	0	0	152	143	434	72359	10336	0.385	
\\Mac\Home\Documents\Steve\23-10_Manchester2_Mo\Campbell\NEB8A__xrf\XRF data\L000141.spe	1328.00	5.87	1	0.017526	-0.012928	0.010012	0.091030	67076	1.14	20	20	0	33	12	0	139	0	178	29	0	0	0	497	64	162	102	0	0	0	558	159	162	55	46	0	0	11	0	0	309	0	0	0	0	83	71	129	0	0	0	0	0	0	67	234	336	379	494	72156	9884	0.386	
\\Mac\Home\Documents\Steve\23-10_Manchester2_Mo\Campbell\NEB8A__xrf\XRF data\L000142.spe	1329.00	5.90	1	0.017526	-0.012928	0.010012	0.091030	67046	1.15	17	51	20	20	0	5	120	32	191	34	0	0	0	546	69	192	89	0	0	0	607	260	64	0	0	8	0	0	0	9	0	0	0	0	0	95	149	0	0	0	0	0	0	320	589	357	299	299	390	72712	10045	0.385	
\\Mac\Home\Documents\Steve\23-10_Manchester2_Mo\Campbell\NEB8A__xrf\XRF data\L000143.spe	1330.00	5.92	1	0.017526	-0.012928	0.010012	0.091030	65714	1.01	37	44	11	0	0	0	128	0	182	5	0	0	0	612	90	253	112	29	146	0	488	199	148	53	15	12	0	0	24	124	233	0	0	45	0	0	8	92	301	0	0	11	0	0	101	455	157	240	312	71992	10004	0.383	
\\Mac\Home\Documents\Steve\23-10_Manchester2_Mo\Campbell\NEB8A__xrf\XRF data\L000144.spe	1331.00	5.93	1	0.017526	-0.012928	0.010012	0.091030	66075	1.07	8	14	0	0	11	22	138	21	235	28	0	22	6	578	0	196	87	0	0	0	521	170	208	222	0	0	10	0	0	0	15	0	103	0	0	158	21	39	0	0	27	0	0	193	425	413	208	247	134	72645	10197	0.383	
\\Mac\Home\Documents\Steve\23-10_Manchester2_Mo\Campbell\NEB8A__xrf\XRF data\L000145.spe	1332.00	5.94	1	0.017526	-0.012928	0.010012	0.091030	68370	1.43	0	34	27	16	39	0	145	0	226	0	0	20	0	528	0	197	135	30	0	0	744	91	89	55	130	8	7	6	27	31	890	0	0	0	0	170	91	236	0	0	0	0	28	0	0	330	132	251	208	73932	10257	0.388	
\\Mac\Home\Documents\Steve\23-10_Manchester2_Mo\Campbell\NEB8A__xrf\XRF data\L000146.spe	1333.00	5.95	1	0.017526	-0.012928	0.010012	0.091030	69997	1.37	0	28	6	5	0	0	145	0	179	33	7	27	0	596	86	191	96	56	0	6	461	131	276	0	0	13	5	0	0	175	821	0	0	0	16	272	322	74	0	0	0	0	0	0	0	46	37	203	586	74222	10299	0.392	
\\Mac\Home\Documents\Steve\23-10_Manchester2_Mo\Campbell\NEB8A__xrf\XRF data\L000147.spe	1334.00	5.94	1	0.017526	-0.012928	0.010012	0.091030	68578	1.39	0	25	0	0	8	17	107	29	242	9	0	0	0	533	0	165	145	36	13	0	484	331	261	41	222	0	15	0	13	0	0	17	0	0	45	0	0	332	324	0	0	0	0	658	1067	275	392	255	456	73755	10661	0.388	
\\Mac\Home\Documents\Steve\23-10_Manchester2_Mo\Campbell\NEB8A__xrf\XRF data\L000148.spe	1335.00	5.94	1	0.017526	-0.012928	0.010012	0.091030	70098	2.13	9	44	4	0	0	0	93	5	206	43	0	17	0	579	0	243	66	50	0	151	527	153	131	36	0	0	0	0	0	0	0	0	0	0	0	0	177	0	0	0	20	0	130	1342	1404	594	333	364	814	73871	10450	0.391	
\\Mac\Home\Documents\Steve\23-10_Manchester2_Mo\Campbell\NEB8A__xrf\XRF data\L000149.spe	1336.00	5.95	1	0.017526	-0.012928	0.010012	0.091030	70354	1.17	13	22	0	10	26	0	121	31	228	18	10	0	29	646	46	262	106	66	0	0	468	68	282	0	146	0	18	11	0	93	396	0	0	0	0	140	193	0	48	0	0	0	0	0	117	27	146	236	426	73718	9800	0.393	
\\Mac\Home\Documents\Steve\23-10_Manchester2_Mo\Campbell\NEB8A__xrf\XRF data\L000150.spe	1337.00	5.96	1	0.017526	-0.012928	0.010012	0.091030	68160	1.39	49	12	6	16	42	0	172	37	250	20	0	13	12	542	89	169	105	42	0	0	497	76	145	0	55	15	12	15	21	0	883	0	0	0	0	72	0	0	198	0	0	8	0	0	0	170	263	208	419	73311	10276	0.387	
\\Mac\Home\Documents\Steve\23-10_Manchester2_Mo\Campbell\NEB8A__xrf\XRF data\L000151.spe	1338.00	5.96	1	0.017526	-0.012928	0.010012	0.091030	70893	1.18	0	12	0	0	16	0	99	29	249	25	12	34	0	495	82	180	111	57	0	0	537	52	109	110	0	0	20	0	0	113	0	57	39	0	0	117	71	0	0	99	0	0	0	541	898	569	222	152	197	75649	10342	0.393	
\\Mac\Home\Documents\Steve\23-10_Manchester2_Mo\Campbell\NEB8A__xrf\XRF data\L000152.spe	1339.00	5.98	1	0.017526	-0.012928	0.010012	0.091030	70628	1.19	13	34	15	11	23	6	130	21	232	27	0	18	0	503	110	292	174	34	0	0	609	137	237	0	0	14	14	0	12	0	47	0	0	0	0	57	43	40	15	0	0	0	0	175	656	480	357	246	302	75392	10469	0.395	
\\Mac\Home\Documents\Steve\23-10_Manchester2_Mo\Campbell\NEB8A__xrf\XRF data\L000153.spe	1340.00	5.99	1	0.017526	-0.012928	0.010012	0.091030	70474	1.30	48	71	31	11	16	0	125	5	226	11	0	29	0	592	141	222	241	9	0	0	353	128	159	50	0	0	0	5	9	0	341	0	0	0	7	140	0	0	146	81	0	0	0	0	463	223	372	349	503	75384	10399	0.393	
\\Mac\Home\Documents\Steve\23-10_Manchester2_Mo\Campbell\NEB8A__xrf\XRF data\L000154.spe	1341.00	5.98	1	0.017526	-0.012928	0.010012	0.091030	71722	1.24	0	15	0	0	0	18	130	16	262	11	0	15	44	655	48	195	104	24	0	0	414	46	350	23	51	11	0	0	7	168	832	66	0	0	0	197	119	0	0	196	0	0	13	0	0	43	173	131	427	75623	10469	0.396	
\\Mac\Home\Documents\Steve\23-10_Manchester2_Mo\Campbell\NEB8A__xrf\XRF data\L000155.spe	1342.00	6.00	1	0.017526	-0.012928	0.010012	0.091030	68887	1.04	0	66	0	21	0	7	144	7	226	23	0	0	10	520	0	195	115	62	0	0	304	222	132	0	0	7	5	0	0	69	387	65	0	0	43	108	0	0	0	0	0	0	30	0	67	0	117	184	424	74802	10144	0.390	
\\Mac\Home\Documents\Steve\23-10_Manchester2_Mo\Campbell\NEB8A__xrf\XRF data\L000156.spe	1343.00	5.96	1	0.017526	-0.012928	0.010012	0.091030	70449	1.23	37	59	24	12	25	0	126	15	180	9	0	0	0	608	53	225	88	73	95	0	680	0	81	0	71	19	0	0	0	0	141	8	34	0	0	86	70	0	41	222	0	0	0	10	611	562	415	247	175	75532	10407	0.393	
\\Mac\Home\Documents\Steve\23-10_Manchester2_Mo\Campbell\NEB8A__xrf\XRF data\L000157.spe	1344.00	5.97	1	0.017526	-0.012928	0.010012	0.091030	70419	1.24	17	39	0	0	0	0	162	21	223	14	0	31	0	522	86	164	119	39	0	0	528	0	152	58	210	14	21	0	34	61	335	52	0	0	0	29	30	0	0	247	0	0	0	0	300	166	120	52	132	74425	10711	0.394	
\\Mac\Home\Documents\Steve\23-10_Manchester2_Mo\Campbell\NEB8A__xrf\XRF data\L000158.spe	1345.00	5.95	1	0.017526	-0.012928	0.010012	0.091030	70391	1.06	16	42	0	0	9	15	153	24	246	24	4	0	0	599	44	188	84	0	0	0	637	59	240	70	35	23	0	14	0	0	214	0	82	0	0	74	93	0	0	49	0	0	0	0	129	552	268	227	155	75138	10057	0.393	
\\Mac\Home\Documents\Steve\23-10_Manchester2_Mo\Campbell\NEB8A__xrf\XRF data\L000159.spe	1346.00	5.96	1	0.017526	-0.012928	0.010012	0.091030	68257	1.22	0	46	0	0	0	0	118	19	222	15	31	0	0	615	0	234	116	33	0	0	481	11	78	39	0	9	0	0	0	0	697	10	34	0	143	0	168	65	0	117	0	0	69	0	0	0	281	189	188	74790	10299	0.389	
\\Mac\Home\Documents\Steve\23-10_Manchester2_Mo\Campbell\NEB8A__xrf\XRF data\L000160.spe	1347.00	5.95	1	0.017526	-0.012928	0.010012	0.091030	69085	1.09	0	0	0	0	12	0	112	40	226	16	0	11	0	606	6	203	87	72	92	22	573	0	65	72	110	0	0	12	0	9	321	46	24	0	33	0	0	0	112	177	0	0	0	0	162	154	209	236	310	74078	10454	0.391	
\\Mac\Home\Documents\Steve\23-10_Manchester2_Mo\Campbell\NEB8A__xrf\XRF data\L000161.spe	1348.00	5.95	1	0.017526	-0.012928	0.010012	0.091030	68741	1.24	21	77	22	46	35	0	140	28	170	0	25	25	0	718	82	313	135	36	0	0	697	0	285	0	98	20	21	7	27	18	0	27	0	0	0	343	0	93	0	58	0	0	0	229	516	513	206	229	312	74010	9831	0.391	
\\Mac\Home\Documents\Steve\23-10_Manchester2_Mo\Campbell\NEB8A__xrf\XRF data\L000162.spe	1349.00	5.93	1	0.017526	-0.012928	0.010012	0.091030	72569	1.16	0	23	0	0	18	0	114	19	243	67	0	0	0	842	58	109	80	16	57	0	680	91	187	64	176	13	11	0	0	0	443	0	0	8	0	0	0	0	176	73	0	0	0	0	0	117	226	425	490	75442	10388	0.398	
\\Mac\Home\Documents\Steve\23-10_Manchester2_Mo\Campbell\NEB8A__xrf\XRF data\L000163.spe	1350.00	5.94	1	0.017526	-0.012928	0.010012	0.091030	71513	1.20	19	36	0	5	0	0	128	21	223	349	0	15	0	1049	143	167	99	35	21	72	803	216	313	0	284	15	11	0	0	205	0	62	0	0	0	80	124	45	97	0	0	13	0	303	276	694	91	40	692	75050	10524	0.396	
\\Mac\Home\Documents\Steve\23-10_Manchester2_Mo\Campbell\NEB8A__xrf\XRF data\L000164.spe	1351.00	5.91	1	0.017526	-0.012928	0.010012	0.091030	72342	1.16	36	8	17	0	19	0	73	13	200	49	0	0	13	742	32	217	59	71	0	86	645	38	398	123	134	0	9	0	0	0	0	0	0	0	0	164	144	0	0	150	0	0	0	297	612	443	360	302	414	75277	10495	0.400	
\\Mac\Home\Documents\Steve\23-10_Manchester2_Mo\Campbell\NEB8A__xrf\XRF data\L000165.spe	1352.00	5.92	1	0.017526	-0.012928	0.010012	0.091030	71735	1.29	0	11	18	25	0	27	98	14	244	43	0	0	0	815	165	168	30	0	0	52	961	66	120	51	220	4	5	0	7	231	0	29	0	0	0	0	0	0	304	0	0	0	0	606	755	570	96	14	427	75571	10762	0.397	
\\Mac\Home\Documents\Steve\23-10_Manchester2_Mo\Campbell\NEB8A__xrf\XRF data\L000166.spe	1353.00	5.93	1	0.017526	-0.012928	0.010012	0.091030	72094	1.23	9	38	0	40	7	0	75	8	237	25	0	0	0	884	0	198	148	99	0	0	1051	0	384	64	87	0	0	0	0	8	677	0	0	0	0	103	549	0	0	465	0	0	58	0	0	388	178	311	616	74379	10452	0.398	
\\Mac\Home\Documents\Steve\23-10_Manchester2_Mo\Campbell\NEB8A__xrf\XRF data\L000167.spe	1354.00	5.95	1	0.017526	-0.012928	0.010012	0.091030	72556	1.93	11	60	0	0	5	0	91	17	245	86	0	6	0	1014	0	181	90	0	41	34	953	240	266	36	200	0	11	0	0	0	0	0	0	0	0	0	147	115	40	0	22	0	125	1226	1164	950	450	409	450	75531	10642	0.397	
\\Mac\Home\Documents\Steve\23-10_Manchester2_Mo\Campbell\NEB8A__xrf\XRF data\L000168.spe	1355.00	5.97	1	0.017526	-0.012928	0.010012	0.091030	71710	1.56	15	27	0	0	0	0	129	21	196	55	0	0	0	990	0	201	200	91	8	16	794	169	278	0	0	0	7	0	0	0	0	16	10	0	74	26	25	32	21	0	0	0	51	928	1184	310	353	282	375	74750	10324	0.397	
\\Mac\Home\Documents\Steve\23-10_Manchester2_Mo\Campbell\NEB8A__xrf\XRF data\L000169.spe	1356.00	5.97	1	0.017526	-0.012928	0.010012	0.091030	71261	2.32	15	16	0	13	15	0	134	0	204	57	0	0	30	1013	23	197	51	104	0	0	961	0	168	0	139	33	0	0	0	205	1609	0	0	0	0	258	25	0	0	44	0	0	0	0	0	17	9	160	151	74047	10263	0.396	
\\Mac\Home\Documents\Steve\23-10_Manchester2_Mo\Campbell\NEB8A__xrf\XRF data\L000170.spe	1357.00	5.96	1	0.017526	-0.012928	0.010012	0.091030	70830	1.46	0	0	0	0	0	0	95	0	241	16	0	0	0	819	70	199	59	41	0	12	867	0	207	63	9	6	0	0	22	103	0	0	0	0	0	78	74	108	68	117	0	5	0	887	775	606	177	174	371	73904	10603	0.396	
\\Mac\Home\Documents\Steve\23-10_Manchester2_Mo\Campbell\NEB8A__xrf\XRF data\L000171.spe	1358.00	5.97	1	0.017526	-0.012928	0.010012	0.091030	71454	1.11	0	47	0	12	19	0	122	24	222	38	0	6	0	846	10	219	101	51	0	13	748	88	189	5	279	14	17	0	0	0	7	0	0	0	183	219	277	111	0	0	0	0	27	138	511	0	421	412	342	74018	10406	0.397	
\\Mac\Home\Documents\Steve\23-10_Manchester2_Mo\Campbell\NEB8A__xrf\XRF data\L000172.spe	1359.00	5.98	1	0.017526	-0.012928	0.010012	0.091030	71967	1.82	13	5	0	22	0	0	130	12	206	87	16	5	0	939	162	172	129	47	0	0	932	322	119	0	83	12	8	0	0	0	0	27	210	124	0	216	85	145	54	0	0	20	0	1268	1217	535	388	376	224	75438	10547	0.397	
\\Mac\Home\Documents\Steve\23-10_Manchester2_Mo\Campbell\NEB8A__xrf\XRF data\L000173.spe	1360.00	5.99	1	0.017526	-0.012928	0.010012	0.091030	71673	1.15	0	17	0	0	30	0	110	37	275	72	24	11	0	881	0	248	94	0	19	0	872	143	183	0	31	18	22	7	0	115	330	74	282	0	0	0	0	5	154	0	0	0	17	0	233	364	117	70	0	74548	10327	0.396	
\\Mac\Home\Documents\Steve\23-10_Manchester2_Mo\Campbell\NEB8A__xrf\XRF data\L000174.spe	1361.00	5.98	1	0.017526	-0.012928	0.010012	0.091030	70807	1.13	0	18	17	0	10	108	124	7	254	63	16	27	8	797	0	161	161	0	85	0	1008	233	386	0	42	7	9	0	0	0	118	0	0	0	0	13	136	89	0	0	0	16	86	89	446	573	139	335	435	74713	10409	0.394	
\\Mac\Home\Documents\Steve\23-10_Manchester2_Mo\Campbell\NEB8A__xrf\XRF data\L000175.spe	1362.00	5.99	1	0.017526	-0.012928	0.010012	0.091030	69947	1.66	18	49	0	0	17	240	128	22	242	71	24	0	0	887	63	153	162	0	47	0	1131	331	269	0	171	0	8	0	0	0	1011	7	0	0	0	0	70	9	9	0	0	0	0	0	0	394	282	150	503	74008	10401	0.392	
\\Mac\Home\Documents\Steve\23-10_Manchester2_Mo\Campbell\NEB8A__xrf\XRF data\L000176.spe	1363.00	6.01	1	0.017526	-0.012928	0.010012	0.091030	68802	1.09	41	68	38	31	20	0	178	26	263	63	0	17	0	858	0	170	80	32	0	18	1035	0	240	0	249	0	9	0	9	260	284	13	0	0	0	105	0	139	0	0	69	0	114	15	277	410	0	24	351	73305	9851	0.390	
\\Mac\Home\Documents\Steve\23-10_Manchester2_Mo\Campbell\NEB8A__xrf\XRF data\L000177.spe	1364.00	5.99	1	0.017526	-0.012928	0.010012	0.091030	71055	1.19	0	19	8	0	12	5	116	14	270	60	16	7	5	887	0	232	154	41	0	111	852	84	264	5	48	0	0	6	0	0	179	0	0	0	0	153	202	113	68	52	69	0	0	51	418	156	346	440	598	75156	10514	0.395	
\\Mac\Home\Documents\Steve\23-10_Manchester2_Mo\Campbell\NEB8A__xrf\XRF data\L000178.spe	1365.00	6.01	1	0.017526	-0.012928	0.010012	0.091030	69647	1.22	0	38	0	12	17	0	142	45	260	36	5	10	0	958	59	190	93	11	0	0	912	224	131	66	70	0	0	0	9	171	485	0	0	0	0	78	81	162	14	0	0	0	0	0	0	400	47	219	497	73817	10128	0.392	
\\Mac\Home\Documents\Steve\23-10_Manchester2_Mo\Campbell\NEB8A__xrf\XRF data\L000179.spe	1366.00	6.01	1	0.017526	-0.012928	0.010012	0.091030	69941	1.28	0	43	0	0	17	9	131	26	271	51	0	19	0	873	0	181	102	0	0	0	1057	257	264	107	71	8	4	0	0	0	0	4	0	0	0	215	261	159	0	0	29	0	36	377	493	817	314	233	335	74609	10218	0.391	
\\Mac\Home\Documents\Steve\23-10_Manchester2_Mo\Campbell\NEB8A__xrf\XRF data\L000180.spe	1367.00	6.02	1	0.017526	-0.012928	0.010012	0.091030	69136	1.16	31	58	31	15	11	0	163	25	227	46	0	0	28	851	101	258	204	82	0	0	724	17	293	62	0	7	0	6	8	0	339	0	0	0	0	59	136	0	10	0	0	0	0	0	275	400	225	366	579	74218	10379	0.390	
\\Mac\Home\Documents\Steve\23-10_Manchester2_Mo\Campbell\NEB8A__xrf\XRF data\L000181.spe	1368.00	6.02	1	0.017526	-0.012928	0.010012	0.091030	68654	1.29	46	39	0	0	24	0	125	33	225	48	0	13	0	868	0	265	130	37	0	0	915	78	249	25	0	5	6	4	0	65	437	62	0	0	0	152	0	0	0	0	87	0	146	0	104	325	108	192	118	73792	9894	0.390	
\\Mac\Home\Documents\Steve\23-10_Manchester2_Mo\Campbell\NEB8A__xrf\XRF data\L000182.spe	1369.00	6.01	1	0.017526	-0.012928	0.010012	0.091030	69230	1.26	6	30	0	5	38	0	133	35	252	41	0	0	0	762	125	220	56	0	0	0	859	15	167	0	117	8	0	0	18	0	519	0	0	0	0	0	0	0	0	0	0	6	0	0	7	372	185	359	370	73668	10420	0.390	
\\Mac\Home\Documents\Steve\23-10_Manchester2_Mo\Campbell\NEB8A__xrf\XRF data\L000183.spe	1370.00	6.02	1	0.017526	-0.012928	0.010012	0.091030	70033	1.20	0	47	18	10	31	0	115	0	242	62	16	0	0	784	0	184	161	34	0	0	709	83	115	0	0	8	6	0	0	0	460	0	0	0	0	42	63	0	26	0	12	0	0	0	258	227	349	253	351	74244	10310	0.391	
\\Mac\Home\Documents\Steve\23-10_Manchester2_Mo\Campbell\NEB8A__xrf\XRF data\L000184.spe	1371.00	6.04	1	0.017526	-0.012928	0.010012	0.091030	68237	1.24	32	36	0	22	21	0	147	29	247	70	0	9	0	814	135	169	19	0	24	8	701	42	249	114	56	4	0	0	0	257	254	0	0	0	0	22	13	143	166	0	0	25	0	0	255	344	96	35	415	72656	10103	0.388	
\\Mac\Home\Documents\Steve\23-10_Manchester2_Mo\Campbell\NEB8A__xrf\XRF data\L000185.spe	1372.00	6.03	1	0.017526	-0.012928	0.010012	0.091030	68054	1.16	16	67	9	25	23	0	152	11	248	82	0	6	0	750	0	200	114	43	160	17	714	0	125	53	72	7	0	0	0	113	154	13	0	0	0	0	0	0	212	431	28	0	59	86	363	298	151	198	486	72624	9872	0.389	
\\Mac\Home\Documents\Steve\23-10_Manchester2_Mo\Campbell\NEB8A__xrf\XRF data\L000186.spe	1373.00	6.04	1	0.017526	-0.012928	0.010012	0.091030	69421	1.16	8	21	0	0	5	0	140	0	223	20	14	11	0	820	20	175	34	5	25	27	533	41	272	81	0	5	15	0	0	263	391	54	0	0	17	26	43	142	101	83	0	0	0	0	84	256	0	94	325	74918	10416	0.390	
\\Mac\Home\Documents\Steve\23-10_Manchester2_Mo\Campbell\NEB8A__xrf\XRF data\L000187.spe	1374.00	6.04	1	0.017526	-0.012928	0.010012	0.091030	70642	1.23	0	0	0	0	24	0	134	40	297	0	0	7	0	668	150	239	57	0	76	41	475	0	260	82	0	6	0	16	29	173	213	0	0	0	0	0	0	0	249	349	0	0	0	66	124	144	44	189	415	74969	10271	0.395	
\\Mac\Home\Documents\Steve\23-10_Manchester2_Mo\Campbell\NEB8A__xrf\XRF data\L000188.spe	1375.00	6.05	1	0.017526	-0.012928	0.010012	0.091030	69224	1.84	0	37	0	0	28	0	159	22	241	37	0	0	0	620	0	158	42	26	23	0	563	0	264	0	0	5	11	0	0	270	1365	25	0	0	0	142	192	0	0	404	0	0	0	0	0	0	10	0	223	73812	10040	0.391	
\\Mac\Home\Documents\Steve\23-10_Manchester2_Mo\Campbell\NEB8A__xrf\XRF data\L000189.spe	1376.00	6.04	1	0.017526	-0.012928	0.010012	0.091030	69918	1.31	7	17	0	0	0	0	118	14	219	54	0	0	5	765	0	191	147	0	0	0	610	0	108	0	0	22	0	0	0	166	416	0	0	0	0	26	49	131	0	99	0	0	66	0	0	436	15	204	623	74915	10285	0.392	
\\Mac\Home\Documents\Steve\23-10_Manchester2_Mo\Campbell\NEB8A__xrf\XRF data\L000190.spe	1377.00	6.04	1	0.017526	-0.012928	0.010012	0.091030	69027	1.35	0	41	0	24	4	21	124	8	203	26	0	14	13	569	0	236	19	0	17	0	417	115	134	0	0	0	0	0	0	330	871	130	94	0	0	0	0	0	209	10	0	0	101	0	0	135	0	0	47	73895	10049	0.392	
\\Mac\Home\Documents\Steve\23-10_Manchester2_Mo\Campbell\NEB8A__xrf\XRF data\L000191.spe	1378.00	6.04	1	0.017526	-0.012928	0.010012	0.091030	71180	1.11	19	21	0	20	32	17	126	36	266	47	0	0	10	743	63	175	59	57	82	0	575	0	182	104	50	0	0	8	21	84	139	9	0	0	0	0	82	16	0	0	0	0	0	166	491	275	125	131	358	76122	10458	0.395	
\\Mac\Home\Documents\Steve\23-10_Manchester2_Mo\Campbell\NEB8A__xrf\XRF data\L000192.spe	1379.00	6.03	1	0.017526	-0.012928	0.010012	0.091030	70753	1.41	0	14	0	0	38	0	153	10	254	86	12	29	0	711	83	189	155	0	0	0	660	0	118	47	34	0	11	0	0	0	0	0	0	0	0	24	136	0	27	137	0	14	0	631	995	429	255	316	326	74486	10354	0.394	
\\Mac\Home\Documents\Steve\23-10_Manchester2_Mo\Campbell\NEB8A__xrf\XRF data\L000193.spe	1380.00	6.03	1	0.017526	-0.012928	0.010012	0.091030	69902	1.36	0	0	0	0	12	0	120	21	183	47	23	29	0	533	50	193	129	61	0	0	600	0	391	45	71	7	8	0	0	46	736	45	0	0	0	100	197	0	0	441	0	0	0	0	0	226	101	153	325	75067	10091	0.394	
\\Mac\Home\Documents\Steve\23-10_Manchester2_Mo\Campbell\NEB8A__xrf\XRF data\L000194.spe	1381.00	6.02	1	0.017526	-0.012928	0.010012	0.091030	70241	1.49	20	41	13	19	42	6	147	10	251	47	0	23	0	674	74	226	47	0	93	0	656	0	182	0	190	0	0	0	5	78	0	44	235	0	0	0	0	64	106	12	0	0	0	881	1021	684	161	12	94	74905	10543	0.394	
\\Mac\Home\Documents\Steve\23-10_Manchester2_Mo\Campbell\NEB8A__xrf\XRF data\L000195.spe	1382.00	6.01	1	0.017526	-0.012928	0.010012	0.091030	70471	1.08	0	15	0	0	0	0	95	22	199	58	6	29	0	586	27	220	175	34	0	0	713	123	155	0	51	0	0	0	0	33	108	0	0	0	0	40	125	105	0	0	0	0	0	121	252	461	128	256	425	74423	10316	0.394	
\\Mac\Home\Documents\Steve\23-10_Manchester2_Mo\Campbell\NEB8A__xrf\XRF data\L000196.spe	1383.00	6.03	1	0.017526	-0.012928	0.010012	0.091030	71168	1.14	0	39	10	15	0	11	132	31	232	37	0	29	13	516	0	209	48	20	0	0	524	0	187	0	240	0	7	0	12	98	571	0	0	0	31	123	173	0	0	291	24	0	97	0	0	154	123	263	253	74963	10362	0.396	
\\Mac\Home\Documents\Steve\23-10_Manchester2_Mo\Campbell\NEB8A__xrf\XRF data\L000197.spe	1384.00	6.03	1	0.017526	-0.012928	0.010012	0.091030	71621	1.16	0	28	0	0	4	0	123	21	222	50	25	22	0	582	163	155	172	34	0	0	623	52	173	4	0	7	0	0	0	0	160	12	0	0	0	140	37	62	0	152	0	0	0	75	347	432	167	330	207	75356	10522	0.397	
\\Mac\Home\Documents\Steve\23-10_Manchester2_Mo\Campbell\NEB8A__xrf\XRF data\L000198.spe	1385.00	6.04	1	0.017526	-0.012928	0.010012	0.091030	70384	1.57	0	31	32	0	0	0	143	13	202	56	0	31	0	480	0	189	54	0	68	0	638	0	158	39	0	9	25	0	0	113	1067	50	0	0	0	0	16	0	205	0	14	0	30	0	0	314	140	100	185	74513	10514	0.394	
\\Mac\Home\Documents\Steve\23-10_Manchester2_Mo\Campbell\NEB8A__xrf\XRF data\L000199.spe	1386.00	6.04	1	0.017526	-0.012928	0.010012	0.091030	69200	1.13	28	27	0	0	8	8	145	15	152	48	0	0	0	395	0	166	100	69	0	0	470	110	146	0	16	15	0	0	0	44	380	0	85	0	0	89	102	21	0	0	0	0	38	0	61	143	160	228	125	74739	10562	0.392	
\\Mac\Home\Documents\Steve\23-10_Manchester2_Mo\Campbell\NEB8A__xrf\XRF data\L000200.spe	1387.00	6.05	1	0.017526	-0.012928	0.010012	0.091030	68558	1.26	0	0	0	0	6	0	96	12	224	0	0	0	8	434	35	168	101	0	85	0	674	0	258	0	0	5	13	0	19	0	174	76	36	24	0	0	110	24	0	63	0	46	0	112	96	711	230	191	276	75261	10665	0.393	
\\Mac\Home\Documents\Steve\23-10_Manchester2_Mo\Campbell\NEB8A__xrf\XRF data\L000201.spe	1388.00	6.06	1	0.017526	-0.012928	0.010012	0.091030	70058	1.16	22	68	15	14	17	0	156	19	231	37	16	41	14	463	128	218	109	0	0	0	595	27	216	13	0	0	13	0	0	55	0	0	0	0	0	0	215	0	21	0	0	0	0	352	492	480	136	350	531	74567	10395	0.393	
\\Mac\Home\Documents\Steve\23-10_Manchester2_Mo\Campbell\NEB8A__xrf\XRF data\L000202.spe	1389.00	6.06	1	0.017526	-0.012928	0.010012	0.091030	69685	1.96	0	0	24	0	0	0	174	32	179	59	6	27	0	449	57	169	46	19	0	0	96	143	299	201	0	0	7	0	0	204	1210	0	0	0	268	6	130	78	0	67	0	0	0	0	0	0	0	40	400	75191	10252	0.391	
\\Mac\Home\Documents\Steve\23-10_Manchester2_Mo\Campbell\NEB8A__xrf\XRF data\L000203.spe	1390.00	6.07	1	0.017526	-0.012928	0.010012	0.091030	66731	1.34	34	44	0	0	0	0	150	8	198	23	0	0	0	456	0	242	75	10	0	0	465	179	182	92	0	0	5	8	5	178	865	0	0	0	0	105	38	156	0	0	0	0	73	0	0	85	0	52	176	73470	9708	0.385	
\\Mac\Home\Documents\Steve\23-10_Manchester2_Mo\Campbell\NEB8A__xrf\XRF data\L000204.spe	1391.00	6.05	1	0.017526	-0.012928	0.010012	0.091030	68390	1.72	0	21	0	0	13	0	159	10	229	34	0	10	0	516	0	220	57	123	178	0	399	0	0	0	0	0	10	0	10	269	1290	57	47	0	0	0	105	0	0	103	25	0	0	0	0	0	0	66	50	73804	10475	0.389	
\\Mac\Home\Documents\Steve\23-10_Manchester2_Mo\Campbell\NEB8A__xrf\XRF data\L000205.spe	1392.00	6.04	1	0.017526	-0.012928	0.010012	0.091030	70028	1.77	0	38	12	11	0	0	137	8	212	42	12	0	0	449	31	189	43	12	131	295	484	0	240	128	0	0	31	0	5	178	0	33	0	14	0	0	153	0	43	264	0	0	0	1217	1152	546	0	97	651	75373	10051	0.393	
\\Mac\Home\Documents\Steve\23-10_Manchester2_Mo\Campbell\NEB8A__xrf\XRF data\L000206.spe	1393.00	6.05	1	0.017526	-0.012928	0.010012	0.091030	68353	1.44	38	79	26	11	0	11	132	0	195	45	6	0	0	467	60	224	170	111	44	0	508	0	60	73	41	19	0	0	0	0	981	54	229	0	0	112	0	0	0	157	0	0	0	0	0	0	327	149	114	72886	10187	0.391	
\\Mac\Home\Documents\Steve\23-10_Manchester2_Mo\Campbell\NEB8A__xrf\XRF data\L000207.spe	1394.00	6.04	1	0.017526	-0.012928	0.010012	0.091030	70331	1.23	27	36	27	33	25	7	118	30	217	37	14	62	0	461	80	193	159	18	105	38	553	138	143	27	23	28	21	0	0	0	55	85	0	0	0	0	0	0	182	0	0	0	0	253	390	501	259	193	737	74256	10606	0.394	
\\Mac\Home\Documents\Steve\23-10_Manchester2_Mo\Campbell\NEB8A__xrf\XRF data\L000208.spe	1395.00	6.05	1	0.017526	-0.012928	0.010012	0.091030	69065	1.06	30	56	0	7	21	6	177	0	224	57	0	0	0	469	0	222	104	31	0	0	533	0	242	24	0	0	10	0	0	42	0	24	0	0	0	65	37	0	0	0	0	0	82	444	613	494	249	227	210	74411	10542	0.391	
\\Mac\Home\Documents\Steve\23-10_Manchester2_Mo\Campbell\NEB8A__xrf\XRF data\L000209.spe	1396.00	6.04	1	0.017526	-0.012928	0.010012	0.091030	70451	1.13	33	23	20	26	12	5	120	18	224	43	6	6	0	546	55	194	102	9	0	0	561	0	161	74	190	10	0	0	0	0	0	0	0	0	0	0	0	0	0	122	0	0	0	305	462	481	306	322	567	75448	10562	0.395	
\\Mac\Home\Documents\Steve\23-10_Manchester2_Mo\Campbell\NEB8A__xrf\XRF data\L000210.spe	1397.00	6.04	1	0.017526	-0.012928	0.010012	0.091030	70890	1.09	0	43	12	34	23	0	181	24	231	42	0	15	0	491	0	179	17	39	0	0	563	168	226	0	20	22	9	7	0	265	464	127	21	0	0	222	0	56	0	0	0	0	43	0	57	479	0	0	154	75544	10362	0.396	
\\Mac\Home\Documents\Steve\23-10_Manchester2_Mo\Campbell\NEB8A__xrf\XRF data\L000211.spe	1398.00	6.06	1	0.017526	-0.012928	0.010012	0.091030	70002	1.11	41	44	0	5	32	21	160	34	271	49	0	20	0	561	81	173	31	5	0	33	380	497	230	0	0	7	11	5	8	229	109	0	0	0	125	18	205	32	0	0	0	0	0	146	216	0	41	41	520	75258	9967	0.393	
\\Mac\Home\Documents\Steve\23-10_Manchester2_Mo\Campbell\NEB8A__xrf\XRF data\L000212.spe	1399.00	6.04	1	0.017526	-0.012928	0.010012	0.091030	69713	1.70	0	50	0	0	38	0	144	40	240	52	13	31	7	599	0	238	141	0	20	86	566	108	167	0	236	18	25	0	0	0	0	0	0	0	0	22	235	0	0	0	60	0	0	1242	1204	635	277	270	524	74530	10309	0.391	
\\Mac\Home\Documents\Steve\23-10_Manchester2_Mo\Campbell\NEB8A__xrf\XRF data\L000213.spe	1400.00	6.03	1	0.017526	-0.012928	0.010012	0.091030	68661	1.40	5	32	0	0	9	0	132	20	242	57	0	0	0	539	50	184	25	7	186	65	600	0	144	0	117	6	19	0	0	138	0	91	0	13	0	0	0	0	286	122	0	0	0	790	714	864	190	139	631	73936	10471	0.390	
\\Mac\Home\Documents\Steve\23-10_Manchester2_Mo\Campbell\NEB8A__xrf\XRF data\L000214.spe	1401.00	6.04	1	0.017526	-0.012928	0.010012	0.091030	66373	1.27	19	56	29	0	10	0	162	6	202	44	0	0	0	550	121	248	132	0	113	0	647	173	134	0	8	0	16	0	0	0	0	0	0	0	0	0	0	0	32	0	0	11	0	623	747	586	239	309	373	72984	10106	0.387	
\\Mac\Home\Documents\Steve\23-10_Manchester2_Mo\Campbell\NEB8A__xrf\XRF data\L000215.spe	1402.00	5.99	1	0.017526	-0.012928	0.010012	0.091030	69224	1.09	0	0	0	0	20	5	147	30	217	0	18	12	0	581	50	222	108	9	0	0	445	35	334	0	213	0	15	15	26	38	255	33	70	0	87	75	172	77	0	0	0	0	0	0	307	116	86	122	197	74618	10401	0.393	
\\Mac\Home\Documents\Steve\23-10_Manchester2_Mo\Campbell\NEB8A__xrf\XRF data\L000216.spe	1403.00	6.01	1	0.017526	-0.012928	0.010012	0.091030	69929	1.47	0	12	0	0	0	7	141	18	211	53	18	0	0	476	0	184	115	47	110	49	616	0	169	23	63	28	0	0	12	0	0	35	0	52	0	0	121	0	110	256	17	0	46	776	712	768	246	259	578	74499	10380	0.395	
\\Mac\Home\Documents\Steve\23-10_Manchester2_Mo\Campbell\NEB8A__xrf\XRF data\L000217.spe	1404.00	6.01	1	0.017526	-0.012928	0.010012	0.091030	70377	1.31	0	20	0	0	14	7	130	23	243	68	0	58	0	553	40	204	15	119	225	70	533	98	155	72	0	21	0	18	24	85	0	104	0	0	0	0	214	0	42	0	0	11	0	688	693	524	217	76	535	75552	10157	0.395	
\\Mac\Home\Documents\Steve\23-10_Manchester2_Mo\Campbell\NEB8A__xrf\XRF data\L000218.spe	1405.00	5.99	1	0.017526	-0.012928	0.010012	0.091030	72342	1.09	0	59	20	19	41	14	138	22	256	67	0	12	0	638	0	220	88	29	42	138	672	0	135	0	193	7	21	0	5	0	30	60	0	33	0	0	30	42	15	64	0	0	0	167	398	366	355	237	664	75700	10795	0.400	
\\Mac\Home\Documents\Steve\23-10_Manchester2_Mo\Campbell\NEB8A__xrf\XRF data\L000219.spe	1406.00	5.99	1	0.017526	-0.012928	0.010012	0.091030	71796	1.26	0	21	0	0	22	0	113	20	221	32	0	42	0	521	0	210	195	109	0	0	713	0	54	0	0	7	0	0	12	0	0	43	163	0	0	152	34	0	0	84	0	0	101	322	570	832	182	173	63	75812	10623	0.397	
\\Mac\Home\Documents\Steve\23-10_Manchester2_Mo\Campbell\NEB8A__xrf\XRF data\L000220.spe	1407.00	5.98	1	0.017526	-0.012928	0.010012	0.091030	73994	1.09	9	14	27	9	5	0	105	9	185	28	0	0	0	595	0	246	138	74	0	0	437	179	323	66	93	25	0	11	8	12	0	0	0	0	0	100	139	271	0	0	0	0	22	516	573	539	155	272	392	76882	10694	0.401	
\\Mac\Home\Documents\Steve\23-10_Manchester2_Mo\Campbell\NEB8A__xrf\XRF data\L000221.spe	1408.00	6.03	1	0.017526	-0.012928	0.010012	0.091030	69434	1.21	8	46	5	12	0	0	151	13	261	36	0	9	0	633	63	208	115	0	22	0	561	49	152	0	0	24	17	0	7	0	0	59	77	0	0	0	0	13	48	0	0	0	0	544	756	344	191	113	214	73621	10163	0.391	
\\Mac\Home\Documents\Steve\23-10_Manchester2_Mo\Campbell\NEB8A__xrf\XRF data\L000222.spe	1409.00	6.05	1	0.017526	-0.012928	0.010012	0.091030	66702	1.10	0	46	26	5	11	0	123	0	195	51	13	11	11	580	26	221	113	17	0	0	421	240	198	89	0	0	16	5	0	308	299	0	0	0	0	0	82	212	0	0	9	0	36	0	251	151	23	59	292	73333	9968	0.387	
\\Mac\Home\Documents\Steve\23-10_Manchester2_Mo\Campbell\NEB8A__xrf\XRF data\L000223.spe	1410.00	6.03	1	0.017526	-0.012928	0.010012	0.091030	69001	1.15	28	58	14	0	36	10	148	41	238	39	0	46	11	523	125	201	216	9	0	0	455	0	200	0	0	11	17	12	0	0	229	91	98	0	0	18	0	0	178	116	0	30	0	22	179	185	259	169	312	74355	10539	0.392	
\\Mac\Home\Documents\Steve\23-10_Manchester2_Mo\Campbell\NEB8A__xrf\XRF data\L000224.spe	1411.00	6.05	1	0.017526	-0.012928	0.010012	0.091030	68111	1.22	0	8	17	0	8	0	164	0	144	52	0	43	0	551	0	185	50	21	325	0	528	102	55	0	0	26	0	0	0	146	225	48	0	15	0	0	0	0	264	0	0	0	25	7	162	377	193	77	220	73976	9966	0.389	
\\Mac\Home\Documents\Steve\23-10_Manchester2_Mo\Campbell\NEB8A__xrf\XRF data\L000225.spe	1412.00	6.02	1	0.017526	-0.012928	0.010012	0.091030	70630	1.30	0	0	0	0	5	0	104	0	220	42	0	16	0	641	105	209	120	40	0	0	385	207	147	0	0	0	0	0	0	0	693	0	26	0	70	163	0	31	154	0	0	0	0	0	0	0	221	263	266	75513	10713	0.394	
\\Mac\Home\Documents\Steve\23-10_Manchester2_Mo\Campbell\NEB8A__xrf\XRF data\L000226.spe	1413.00	6.01	1	0.017526	-0.012928	0.010012	0.091030	70096	1.08	34	39	0	48	0	0	169	37	190	40	0	54	0	526	0	185	103	20	108	0	705	0	53	153	0	9	0	5	0	0	242	74	89	0	0	0	196	48	0	300	0	0	37	0	387	359	231	184	210	75686	10595	0.394	
\\Mac\Home\Documents\Steve\23-10_Manchester2_Mo\Campbell\NEB8A__xrf\XRF data\L000227.spe	1414.00	6.00	1	0.017526	-0.012928	0.010012	0.091030	71678	1.40	7	15	27	0	14	0	121	11	185	50	8	0	0	577	0	163	66	32	0	0	791	60	63	0	0	10	8	0	0	228	847	26	0	0	0	101	42	0	0	0	0	0	0	0	0	489	0	128	43	76145	10868	0.397	
\\Mac\Home\Documents\Steve\23-10_Manchester2_Mo\Campbell\NEB8A__xrf\XRF data\L000228.spe	1415.00	5.99	1	0.017526	-0.012928	0.010012	0.091030	73033	1.79	0	0	0	18	0	0	100	41	230	29	0	0	38	557	93	196	130	67	25	0	538	140	128	0	122	31	0	7	28	58	1160	0	0	0	0	17	222	225	0	0	0	0	0	0	0	69	223	228	421	76146	10745	0.400	
\\Mac\Home\Documents\Steve\23-10_Manchester2_Mo\Campbell\NEB8A__xrf\XRF data\L000229.spe	1416.00	5.99	1	0.017526	-0.012928	0.010012	0.091030	71978	1.12	29	33	0	8	8	0	124	25	227	35	0	33	0	719	109	120	0	0	0	0	630	0	225	0	54	17	0	10	13	182	146	0	0	0	0	100	24	0	0	509	0	0	0	0	310	331	70	54	416	75348	10112	0.396	
\\Mac\Home\Documents\Steve\23-10_Manchester2_Mo\Campbell\NEB8A__xrf\XRF data\L000230.spe	1417.00	6.01	1	0.017526	-0.012928	0.010012	0.091030	68726	1.16	0	39	0	0	0	0	158	21	196	67	0	6	7	536	46	212	104	28	82	0	448	114	213	84	129	8	0	0	0	0	10	0	0	80	0	98	156	215	66	36	0	0	0	153	179	364	264	192	541	74107	10607	0.390	
\\Mac\Home\Documents\Steve\23-10_Manchester2_Mo\Campbell\NEB8A__xrf\XRF data\L000231.spe	1418.00	5.97	1	0.017526	-0.012928	0.010012	0.091030	69154	1.14	0	33	14	0	0	0	132	0	201	85	25	34	0	564	86	168	130	45	6	0	634	260	243	0	49	0	5	0	0	0	390	20	0	0	0	44	0	0	91	0	0	0	0	0	244	612	231	313	392	73550	10017	0.391	
\\Mac\Home\Documents\Steve\23-10_Manchester2_Mo\Campbell\NEB8A__xrf\XRF data\L000232.spe	1419.00	6.00	1	0.017526	-0.012928	0.010012	0.091030	68734	1.55	0	25	0	0	17	0	143	0	184	32	0	20	0	506	0	206	97	29	0	0	650	57	125	125	0	7	5	0	20	85	1018	0	0	0	0	74	36	0	20	0	0	10	0	0	0	438	38	201	175	74412	10347	0.391	
\\Mac\Home\Documents\Steve\23-10_Manchester2_Mo\Campbell\NEB8A__xrf\XRF data\L000233.spe	1420.00	5.99	1	0.017526	-0.012928	0.010012	0.091030	71387	1.75	13	37	19	0	0	6	131	30	205	46	8	0	0	612	29	135	125	52	0	0	512	143	337	108	0	0	15	0	0	38	1121	0	0	0	332	300	285	0	0	0	0	7	0	0	0	0	131	137	340	76019	10567	0.396	
\\Mac\Home\Documents\Steve\23-10_Manchester2_Mo\Campbell\NEB8A__xrf\XRF data\L000234.spe	1421.00	6.02	1	0.017526	-0.012928	0.010012	0.091030	68816	1.38	12	47	28	6	36	9	153	4	181	43	0	46	6	643	0	211	89	0	144	157	390	31	110	67	0	24	0	0	18	85	0	34	0	0	28	0	0	0	257	12	0	0	62	799	727	219	206	227	598	74925	10336	0.388	
\\Mac\Home\Documents\Steve\23-10_Manchester2_Mo\Campbell\NEB8A__xrf\XRF data\L000235.spe	1422.00	6.02	1	0.017526	-0.012928	0.010012	0.091030	67299	1.19	0	44	6	8	21	13	145	19	187	44	0	11	0	740	16	231	127	47	69	0	639	37	142	0	0	7	0	0	16	0	0	31	0	0	0	0	0	24	63	0	0	0	0	441	630	716	192	165	332	73364	10232	0.385	
\\Mac\Home\Documents\Steve\23-10_Manchester2_Mo\Campbell\NEB8A__xrf\XRF data\L000236.spe	1423.00	6.02	1	0.017526	-0.012928	0.010012	0.091030	65481	1.64	16	52	0	0	18	9	167	30	180	31	26	53	13	592	0	214	168	45	0	0	438	0	47	92	0	13	18	0	27	0	0	56	0	0	0	0	0	0	0	153	0	0	86	959	955	510	159	69	288	73301	10090	0.381	
\\Mac\Home\Documents\Steve\23-10_Manchester2_Mo\Campbell\NEB8A__xrf\XRF data\L000237.spe	1424.00	5.98	1	0.017526	-0.012928	0.010012	0.091030	69592	1.14	0	31	12	11	0	4	120	16	178	48	0	0	0	620	0	200	49	0	0	37	251	336	176	0	69	0	0	9	0	229	452	54	0	0	156	79	143	0	0	0	0	0	0	0	50	0	0	40	364	74759	10587	0.391	
\\Mac\Home\Documents\Steve\23-10_Manchester2_Mo\Campbell\NEB8A__xrf\XRF data\L000238.spe	1425.00	5.95	1	0.017526	-0.012928	0.010012	0.091030	66341	1.06	21	34	0	0	19	0	123	17	179	56	0	0	0	493	0	161	129	37	0	0	363	118	113	0	0	7	0	0	0	45	175	0	40	0	0	245	133	307	0	0	0	0	29	75	283	169	144	129	120	73369	10445	0.385	
\\Mac\Home\Documents\Steve\23-10_Manchester2_Mo\Campbell\NEB8A__xrf\XRF data\L000239.spe	1426.00	5.97	1	0.017526	-0.012928	0.010012	0.091030	67673	1.26	0	0	0	0	0	0	153	4	205	38	0	20	0	488	92	166	72	0	0	0	282	0	126	39	54	0	14	0	0	134	801	58	0	14	13	4	0	0	167	279	0	0	0	0	0	0	0	132	288	74166	10150	0.389	
\\Mac\Home\Documents\Steve\23-10_Manchester2_Mo\Campbell\NEB8A__xrf\XRF data\L000240.spe	1427.00	5.94	1	0.017526	-0.012928	0.010012	0.091030	71374	2.00	18	41	23	19	0	0	140	17	153	14	0	0	0	502	31	176	142	108	106	0	307	0	37	19	214	17	0	0	7	47	1448	0	0	0	0	0	0	0	98	226	0	0	0	0	0	0	123	214	300	75552	10402	0.397	
\\Mac\Home\Documents\Steve\23-10_Manchester2_Mo\Campbell\NEB8A__xrf\XRF data\L000241.spe	1428.00	5.96	1	0.017526	-0.012928	0.010012	0.091030	70880	1.49	5	51	17	0	5	17	113	0	176	49	0	0	0	440	12	192	102	25	372	0	413	0	5	0	123	22	0	0	0	105	0	46	0	0	0	0	0	0	246	206	0	0	0	667	769	668	99	35	262	76277	10802	0.398	
\\Mac\Home\Documents\Steve\23-10_Manchester2_Mo\Campbell\NEB8A__xrf\XRF data\L000242.spe	1429.00	5.94	1	0.017526	-0.012928	0.010012	0.091030	75163	1.13	0	56	0	0	16	0	99	0	109	58	6	0	0	577	110	164	104	57	35	0	331	153	113	0	0	29	8	0	0	19	489	0	0	0	0	50	0	15	183	0	0	0	0	0	12	104	212	146	286	79472	11099	0.408	
\\Mac\Home\Documents\Steve\23-10_Manchester2_Mo\Campbell\NEB8A__xrf\XRF data\L000243.spe	1430.00	5.95	1	0.017526	-0.012928	0.010012	0.091030	75093	1.28	43	20	0	4	0	12	110	27	197	54	0	0	0	536	62	219	60	25	133	38	299	0	55	165	149	0	9	0	0	0	0	97	0	0	0	0	52	0	5	298	0	0	0	725	982	534	240	112	388	79172	10790	0.407	
\\Mac\Home\Documents\Steve\23-10_Manchester2_Mo\Campbell\NEB8A__xrf\XRF data\L000244.spe	1431.00	5.96	1	0.017526	-0.012928	0.010012	0.091030	72720	1.11	6	27	0	0	15	0	123	0	185	33	11	0	0	511	24	214	108	49	0	60	258	17	74	40	94	0	12	0	11	50	0	131	0	0	0	178	135	0	0	218	0	0	0	275	505	410	211	124	353	77075	10813	0.399	
\\Mac\Home\Documents\Steve\23-10_Manchester2_Mo\Campbell\NEB8A__xrf\XRF data\L000245.spe	1432.00	5.93	1	0.017526	-0.012928	0.010012	0.091030	63449	1.13	9	7	5	14	42	9	151	18	244	38	9	0	0	434	36	208	108	27	67	0	285	41	68	88	0	6	13	11	0	0	0	0	0	22	0	0	0	0	9	0	0	15	0	402	331	533	285	204	274	72040	10033	0.381	
\\Mac\Home\Documents\Steve\23-10_Manchester2_Mo\Campbell\NEB8A__xrf\XRF data\L000246.spe	1433.00	5.84	1	0.017526	-0.012928	0.010012	0.091030	64153	1.11	7	56	0	9	20	0	102	17	151	39	0	25	0	342	19	217	122	40	0	0	214	66	20	129	120	9	0	0	0	63	424	78	47	0	78	0	0	38	0	0	0	0	0	0	0	77	92	56	73	71729	10039	0.383	
\\Mac\Home\Documents\Steve\23-10_Manchester2_Mo\Campbell\NEB8A__xrf\XRF data\L000247.spe	1434.00	5.87	1	0.017526	-0.012928	0.010012	0.091030	63518	1.18	9	23	0	0	23	0	114	0	147	36	0	20	14	294	0	205	97	0	101	60	79	0	67	0	115	7	6	0	0	158	505	0	0	0	16	0	0	0	96	360	0	0	75	0	0	101	0	169	333	70777	9822	0.380	
\\Mac\Home\Documents\Steve\23-10_Manchester2_Mo\Campbell\NEB8A__xrf\XRF data\L000248.spe	1435.00	5.90	1	0.017526	-0.012928	0.010012	0.091030	62797	2.07	22	28	0	0	0	0	170	10	173	0	15	23	19	285	109	186	63	69	31	0	359	88	124	149	0	0	0	15	9	110	1249	47	0	0	0	0	112	123	0	0	0	0	0	0	0	0	25	112	171	71068	9858	0.381	
\\Mac\Home\Documents\Steve\23-10_Manchester2_Mo\Campbell\NEB8A__xrf\XRF data\L000249.spe	1436.00	5.93	1	0.017526	-0.012928	0.010012	0.091030	62093	1.03	0	26	17	0	0	0	161	13	174	47	0	0	0	406	0	208	76	39	75	0	187	97	207	101	0	0	0	0	0	25	177	179	187	105	49	0	0	95	118	0	35	0	12	0	32	0	183	18	40	71510	9843	0.378	
\\Mac\Home\Documents\Steve\23-10_Manchester2_Mo\Campbell\NEB8A__xrf\XRF data\L000250.spe	1437.00	5.93	1	0.017526	-0.012928	0.010012	0.091030	61592	1.12	23	24	0	5	7	0	162	0	174	47	0	31	7	348	0	213	80	0	38	24	449	0	215	177	0	5	4	0	0	0	271	27	14	0	0	0	0	0	49	151	0	0	18	0	85	273	229	215	188	72608	9904	0.374	
\\Mac\Home\Documents\Steve\23-10_Manchester2_Mo\Campbell\NEB8A__xrf\XRF data\L000251.spe	1438.00	5.93	1	0.017526	-0.012928	0.010012	0.091030	63333	1.14	14	56	29	16	16	0	112	11	146	32	0	0	0	372	0	199	86	8	15	65	290	196	220	67	0	0	0	0	0	243	469	86	0	0	0	0	211	55	0	0	0	0	84	0	0	134	0	28	281	73162	10213	0.379	
\\Mac\Home\Documents\Steve\23-10_Manchester2_Mo\Campbell\NEB8A__xrf\XRF data\L000252.spe	1439.00	5.93	1	0.017526	-0.012928	0.010012	0.091030	67143	1.25	0	38	0	7	6	0	125	11	142	10	0	26	9	578	67	158	172	0	0	0	550	0	311	52	0	18	0	0	8	0	398	0	80	81	0	27	129	71	0	0	0	27	0	0	0	545	244	163	151	74890	10236	0.387	
\\Mac\Home\Documents\Steve\23-10_Manchester2_Mo\Campbell\NEB8A__xrf\XRF data\L000253.spe	1440.00	5.94	1	0.017526	-0.012928	0.010012	0.091030	69873	2.17	29	32	18	0	0	0	141	30	170	23	0	0	10	596	45	138	12	59	94	0	417	211	177	0	0	0	0	0	0	299	1480	34	0	0	0	0	19	0	7	0	0	4	0	0	0	0	0	0	270	76369	10545	0.391	
\\Mac\Home\Documents\Steve\23-10_Manchester2_Mo\Campbell\NEB8A__xrf\XRF data\L000254.spe	1441.00	5.95	1	0.017526	-0.012928	0.010012	0.091030	69778	1.10	49	19	15	10	0	0	148	35	203	48	0	24	0	522	0	245	115	121	34	7	370	0	138	0	0	7	5	0	0	78	0	42	0	0	0	39	10	83	0	0	0	0	56	497	597	394	178	102	309	77004	10587	0.391	
\\Mac\Home\Documents\Steve\23-10_Manchester2_Mo\Campbell\NEB8A__xrf\XRF data\L000255.spe	1442.00	5.93	1	0.017526	-0.012928	0.010012	0.091030	70863	1.24	16	43	12	0	43	10	140	10	227	43	0	10	0	675	50	157	89	82	111	0	587	284	87	0	0	0	9	0	11	6	0	12	71	167	0	0	152	70	0	0	0	0	0	245	239	888	294	210	242	76433	10470	0.391	
\\Mac\Home\Documents\Steve\23-10_Manchester2_Mo\Campbell\NEB8A__xrf\XRF data\L000256.spe	1443.00	5.93	1	0.017526	-0.012928	0.010012	0.091030	67111	1.23	11	38	0	0	0	0	112	13	204	52	9	0	0	620	143	225	203	22	141	0	411	0	84	5	0	0	0	0	0	44	0	44	0	34	0	0	227	0	0	270	0	0	0	506	543	506	141	144	476	73768	9941	0.380	
\\Mac\Home\Documents\Steve\23-10_Manchester2_Mo\Campbell\NEB8A__xrf\XRF data\L000257.spe	1444.00	5.93	1	0.017526	-0.012928	0.010012	0.091030	64694	1.29	47	53	24	23	36	12	148	14	199	37	0	0	0	585	0	201	75	43	0	0	409	0	175	172	0	0	0	0	0	132	0	72	0	0	0	80	153	0	0	126	15	0	153	327	611	406	138	0	241	74327	9995	0.378	
\\Mac\Home\Documents\Steve\23-10_Manchester2_Mo\Campbell\NEB8A__xrf\XRF data\L000258.spe	1445.00	5.90	1	0.017526	-0.012928	0.010012	0.091030	61939	1.34	47	24	0	41	11	0	141	23	195	0	0	12	0	492	0	184	110	23	0	15	263	42	88	186	0	0	0	16	0	0	102	0	0	0	0	47	0	0	0	12	73	0	214	106	281	304	252	230	291	73139	9961	0.374	
\\Mac\Home\Documents\Steve\23-10_Manchester2_Mo\Campbell\NEB8A__xrf\XRF data\L000259.spe	1446.00	5.62	1	0.017526	-0.012928	0.010012	0.091030	73308	1.08	0	22	0	0	30	0	98	36	204	47	0	18	0	555	51	213	56	0	0	0	371	162	80	36	259	0	8	6	7	223	143	0	57	0	0	125	0	0	0	0	0	0	0	53	213	418	0	51	9	78447	11228	0.403	
\\Mac\Home\Documents\Steve\23-10_Manchester2_Mo\Campbell\NEB8A__xrf\XRF data\L000260.spe	1447.00	5.60	1	0.017526	-0.012928	0.010012	0.091030	66074	1.13	0	59	6	16	32	0	113	0	160	15	0	13	0	448	0	192	145	24	38	0	336	0	177	0	0	11	12	0	6	52	0	0	0	0	0	0	0	0	0	342	64	0	34	250	493	494	116	38	267	74991	10398	0.383	
\\Mac\Home\Documents\Steve\23-10_Manchester2_Mo\Campbell\NEB8A__xrf\XRF data\L000261.spe	1448.00	5.57	1	0.017526	-0.012928	0.010012	0.091030	63652	1.31	22	31	12	4	10	8	123	4	95	19	0	23	0	375	53	204	61	38	0	0	409	0	247	152	177	27	8	7	0	0	0	14	0	0	0	95	152	241	18	53	0	0	0	589	675	368	224	128	341	72639	9898	0.379	
\\Mac\Home\Documents\Steve\23-10_Manchester2_Mo\Campbell\NEB8A__xrf\XRF data\L000262.spe	1449.00	5.54	1	0.017526	-0.012928	0.010012	0.091030	67146	1.15	19	31	21	0	5	0	74	0	131	8	0	0	0	384	0	193	128	98	0	0	322	0	105	0	19	0	17	0	0	0	295	0	0	0	0	54	83	40	0	0	34	0	0	0	244	326	153	374	312	75618	10406	0.387	
\\Mac\Home\Documents\Steve\23-10_Manchester2_Mo\Campbell\NEB8A__xrf\XRF data\L000263.spe	1450.00	5.42	0	0.017526	-0.012928	0.010012	0.091030	70350	1.12	29	67	0	15	17	0	88	5	95	7	0	0	0	340	30	205	19	59	0	0	394	0	0	36	219	9	13	0	24	83	308	70	24	0	0	90	42	51	0	134	0	0	0	0	50	287	151	97	122	76203	10891	0.398	
\\Mac\Home\Documents\Steve\23-10_Manchester2_Mo\Campbell\NEB8A__xrf\XRF data\L000264.spe	1451.00	5.42	1	0.017526	-0.012928	0.010012	0.091030	67775	1.23	7	34	0	8	0	0	85	16	134	31	0	0	0	365	38	200	57	97	128	0	327	0	85	0	243	0	0	0	0	75	128	17	0	0	0	0	74	0	183	474	0	0	0	82	318	581	161	78	180	74363	10461	0.388	
\\Mac\Home\Documents\Steve\23-10_Manchester2_Mo\Campbell\NEB8A__xrf\XRF data\L000265.spe	1452.00	5.42	0	0.017526	-0.012928	0.010012	0.091030	64373	1.21	0	10	21	0	15	0	97	16	120	12	0	12	0	297	5	192	51	26	172	0	584	0	210	0	330	0	14	0	0	43	248	48	0	6	0	0	66	0	44	255	0	0	0	0	88	568	214	59	425	72272	10043	0.379	
\\Mac\Home\Documents\Steve\23-10_Manchester2_Mo\Campbell\NEB8A__xrf\XRF data\L000266.spe	1453.00	5.42	0	0.017526	-0.012928	0.010012	0.091030	63680	1.18	10	37	0	0	12	0	104	8	99	0	7	0	0	267	0	185	8	35	0	0	280	0	204	0	116	13	0	21	19	129	476	0	86	0	0	166	97	222	0	32	6	0	39	0	0	242	10	31	0	72280	10019	0.380	
\\Mac\Home\Documents\Steve\23-10_Manchester2_Mo\Campbell\NEB8A__xrf\XRF data\L000267.spe	1454.00	5.42	0	0.017526	-0.012928	0.010012	0.091030	63913	1.16	0	27	0	0	16	0	78	11	131	27	12	7	0	366	133	196	113	78	0	0	280	0	87	0	201	17	0	0	0	0	0	55	80	57	0	188	0	0	10	7	0	0	0	152	313	364	200	75	221	72215	10049	0.377	
\\Mac\Home\Documents\Steve\23-10_Manchester2_Mo\Campbell\NEB8A__xrf\XRF data\L000268.spe	1455.00	5.42	0	0.017526	-0.012928	0.010012	0.091030	64835	1.18	49	30	0	6	0	0	103	5	148	0	9	16	0	373	56	230	159	68	47	35	444	66	130	0	238	8	12	8	17	0	376	0	0	0	0	0	0	0	92	85	0	14	0	0	0	366	370	435	537	72320	10380	0.381	
\\Mac\Home\Documents\Steve\23-10_Manchester2_Mo\Campbell\NEB8A__xrf\XRF data\L000269.spe	1456.00	5.42	0	0.017526	-0.012928	0.010012	0.091030	60792	1.81	16	29	0	0	13	0	103	0	119	0	4	38	0	288	0	185	0	0	133	65	84	113	0	0	123	0	0	6	32	276	811	0	0	0	134	0	0	0	239	112	41	0	70	0	0	0	0	106	365	70652	9877	0.372	
\\Mac\Home\Documents\Steve\23-10_Manchester2_Mo\Campbell\NEB8A__xrf\XRF data\L000270.spe	1457.00	5.42	0	0.017526	-0.012928	0.010012	0.091030	59951	1.45	44	34	41	5	0	0	87	0	89	29	6	19	8	229	74	178	128	8	0	0	240	0	137	171	115	0	11	8	0	0	0	0	0	0	0	187	0	176	0	32	0	0	0	677	672	336	338	241	441	70724	10056	0.372	
\\Mac\Home\Documents\Steve\23-10_Manchester2_Mo\Campbell\NEB8A__xrf\XRF data\L000271.spe	1458.00	5.42	1	0.017526	-0.012928	0.010012	0.091030	65098	1.12	0	0	0	0	0	0	35	22	152	41	20	8	10	408	47	180	131	87	45	0	17	113	146	23	0	0	18	0	0	0	193	71	283	0	283	0	44	161	29	0	0	0	0	0	265	0	331	176	39	73711	10135	0.382	
\\Mac\Home\Documents\Steve\23-10_Manchester2_Mo\Campbell\NEB8A__xrf\XRF data\L000272.spe	1459.00	5.50	1	0.017526	-0.012928	0.010012	0.091030	70343	1.34	0	0	0	0	0	0	80	15	223	27	0	28	0	589	91	198	166	124	0	0	176	80	85	0	67	8	11	5	0	0	785	105	0	0	120	17	110	0	0	18	0	0	0	0	0	9	178	226	429	75515	10714	0.392	
\\Mac\Home\Documents\Steve\23-10_Manchester2_Mo\Campbell\NEB8A__xrf\XRF data\L000273.spe	1460.00	5.62	1	0.017526	-0.012928	0.010012	0.091030	58572	1.41	17	24	0	0	0	9	160	0	156	17	0	26	6	364	108	226	69	9	0	79	247	0	85	109	0	0	12	0	6	39	0	88	0	0	0	0	0	0	7	0	0	30	0	197	244	560	110	86	454	70857	9805	0.365	
\\Mac\Home\Documents\Steve\23-10_Manchester2_Mo\Campbell\NEB8A__xrf\XRF data\L000274.spe	1461.00	5.70	1	0.017526	-0.012928	0.010012	0.091030	53399	1.40	26	34	0	0	0	0	174	0	96	36	0	26	0	247	27	158	42	0	89	31	110	108	61	63	0	5	4	0	0	121	0	0	0	0	42	0	0	23	0	0	0	0	0	151	377	79	70	131	264	67783	9171	0.354	
\\Mac\Home\Documents\Steve\23-10_Manchester2_Mo\Campbell\NEB8A__xrf\XRF data\L000275.spe	1462.00	5.69	1	0.017526	-0.012928	0.010012	0.091030	59277	1.63	18	66	0	0	0	0	130	11	113	0	0	15	9	420	139	189	106	20	0	0	207	0	170	153	0	0	0	0	8	96	790	0	123	0	0	167	0	0	0	159	0	33	0	0	0	68	66	171	0	71257	9615	0.364	
\\Mac\Home\Documents\Steve\23-10_Manchester2_Mo\Campbell\NEB8A__xrf\XRF data\L000276.spe	1463.00	5.64	1	0.017526	-0.012928	0.010012	0.091030	61639	1.51	0	25	9	10	6	0	140	13	199	27	19	0	26	419	0	227	99	0	125	0	94	270	258	160	0	0	0	0	0	45	610	78	10	0	0	0	24	421	0	0	0	0	158	0	38	177	58	154	233	72704	9834	0.368	
\\Mac\Home\Documents\Steve\23-10_Manchester2_Mo\Campbell\NEB8A__xrf\XRF data\L000277.spe	1464.00	5.55	1	0.017526	-0.012928	0.010012	0.091030	63694	1.35	8	33	0	0	4	0	111	12	216	16	0	0	7	442	96	179	160	49	0	0	78	100	34	152	0	0	0	10	0	0	0	0	0	0	78	0	0	11	72	22	0	0	0	520	710	171	201	302	283	74357	9937	0.375	
\\Mac\Home\Documents\Steve\23-10_Manchester2_Mo\Campbell\NEB8A__xrf\XRF data\L000278.spe	1465.00	5.45	1	0.017526	-0.012928	0.010012	0.091030	68510	1.27	32	51	11	21	10	0	118	0	189	44	14	0	0	548	26	185	0	49	177	0	189	0	142	0	0	0	7	0	0	111	562	47	123	0	0	0	0	0	0	162	0	0	0	0	0	226	172	227	55	76188	10270	0.385	
\\Mac\Home\Documents\Steve\23-10_Manchester2_Mo\Campbell\NEB8A__xrf\XRF data\L000279.spe	1466.00	5.38	1	0.017526	-0.012928	0.010012	0.091030	62736	1.37	22	54	33	9	12	7	115	22	172	0	0	0	8	582	8	224	79	45	37	0	78	163	81	104	0	19	8	0	22	159	249	0	0	0	0	0	42	27	0	0	0	13	0	0	113	183	101	289	553	71395	9795	0.369	
\\Mac\Home\Documents\Steve\23-10_Manchester2_Mo\Campbell\NEB8A__xrf\XRF data\L000280.spe	1467.00	5.39	1	0.017526	-0.012928	0.010012	0.091030	56617	1.11	19	57	0	0	37	13	166	7	210	7	11	33	0	540	59	206	171	0	0	0	116	0	65	107	0	34	18	0	0	0	357	0	24	0	0	151	186	0	0	88	0	0	0	0	0	137	208	149	232	67647	9289	0.352	
\\Mac\Home\Documents\Steve\23-10_Manchester2_Mo\Campbell\NEB8A__xrf\XRF data\L000281.spe	1468.00	5.33	1	0.017526	-0.012928	0.010012	0.091030	55900	1.44	0	30	32	4	32	0	140	8	145	18	5	17	0	435	53	232	92	68	0	16	340	28	52	24	14	26	10	0	12	0	0	28	173	0	0	156	0	61	87	0	0	0	0	758	858	423	255	136	49	66200	8972	0.351	
\\Mac\Home\Documents\Steve\23-10_Manchester2_Mo\Campbell\NEB8A__xrf\XRF data\L000282.spe	1469.00	5.34	1	0.017526	-0.012928	0.010012	0.091030	52754	1.26	5	0	0	0	11	0	136	28	142	28	0	29	0	308	0	188	0	0	0	0	83	0	23	52	67	7	0	22	0	208	438	0	0	0	101	178	75	76	149	0	35	0	108	0	0	0	0	0	412	63643	8809	0.341	
\\Mac\Home\Documents\Steve\23-10_Manchester2_Mo\Campbell\NEB8A__xrf\XRF data\L000283.spe	1470.00	5.34	1	0.017526	-0.012928	0.010012	0.091030	56431	1.22	40	52	0	11	14	8	120	4	149	33	20	18	10	406	21	152	96	14	236	0	204	0	80	0	0	0	10	0	0	0	0	40	117	0	0	0	0	0	108	209	0	0	0	615	801	343	274	86	154	66694	9420	0.353	
\\Mac\Home\Documents\Steve\23-10_Manchester2_Mo\Campbell\NEB8A__xrf\XRF data\L000284.spe	1471.00	5.37	1	0.017526	-0.012928	0.010012	0.091030	62746	1.13	24	45	7	32	5	0	108	23	189	23	7	0	0	429	96	239	78	9	104	50	200	39	158	157	0	0	16	8	0	59	0	56	0	0	11	0	0	187	0	0	0	0	0	391	416	162	43	265	371	72048	10048	0.371	
\\Mac\Home\Documents\Steve\23-10_Manchester2_Mo\Campbell\NEB8A__xrf\XRF data\L000285.spe	1472.00	5.42	1	0.017526	-0.012928	0.010012	0.091030	62308	1.26	7	0	0	0	31	0	132	23	198	13	8	0	0	432	0	188	53	0	0	0	124	0	69	36	0	8	6	0	0	37	0	52	14	0	0	0	145	0	0	94	0	0	0	654	626	353	117	205	93	72839	9741	0.373	
\\Mac\Home\Documents\Steve\23-10_Manchester2_Mo\Campbell\NEB8A__xrf\XRF data\L000286.spe	1473.00	5.39	1	0.017526	-0.012928	0.010012	0.091030	61475	1.20	26	64	12	24	13	13	121	0	191	19	0	22	0	449	8	175	55	0	0	0	67	95	133	64	46	16	17	0	0	120	197	0	28	0	34	209	0	144	0	0	0	0	0	0	151	87	0	10	131	71453	9908	0.369	
\\Mac\Home\Documents\Steve\23-10_Manchester2_Mo\Campbell\NEB8A__xrf\XRF data\L000287.spe	1474.00	5.35	1	0.017526	-0.012928	0.010012	0.091030	65645	1.26	0	21	0	0	16	0	151	8	195	7	0	23	0	570	14	238	36	81	0	0	135	90	173	106	0	16	20	0	0	115	640	75	40	0	46	22	157	73	0	0	8	0	0	0	0	0	99	193	78	74074	10409	0.380	
\\Mac\Home\Documents\Steve\23-10_Manchester2_Mo\Campbell\NEB8A__xrf\XRF data\L000288.spe	1475.00	5.32	1	0.017526	-0.012928	0.010012	0.091030	65906	1.05	0	0	0	5	47	0	109	4	197	39	0	0	0	506	0	201	80	0	152	0	161	0	75	54	196	0	0	0	0	55	0	19	0	0	0	0	0	0	0	194	0	15	40	125	279	275	214	94	332	74147	10390	0.382	
\\Mac\Home\Documents\Steve\23-10_Manchester2_Mo\Campbell\NEB8A__xrf\XRF data\L000289.spe	1476.00	5.27	1	0.017526	-0.012928	0.010012	0.091030	61256	1.13	8	32	15	13	22	0	134	0	123	0	0	0	0	430	0	173	65	38	60	0	234	0	28	76	0	11	0	0	0	0	0	73	40	152	0	0	0	0	88	127	25	0	22	552	279	346	176	8	120	72077	10096	0.373	
\\Mac\Home\Documents\Steve\23-10_Manchester2_Mo\Campbell\NEB8A__xrf\XRF data\L000290.spe	1477.00	5.23	0	0.017526	-0.012928	0.010012	0.091030	61841	2.34	40	30	6	0	10	0	157	11	125	13	0	0	0	362	111	264	178	39	220	88	171	0	29	115	129	0	0	0	0	0	0	164	142	126	0	0	0	0	0	307	0	0	0	1307	1077	567	400	283	295	72272	9807	0.373	
\\Mac\Home\Documents\Steve\23-10_Manchester2_Mo\Campbell\NEB8A__xrf\XRF data\L000291.spe	1478.00	5.18	0	0.017526	-0.012928	0.010012	0.091030	60770	1.04	67	33	14	6	6	0	132	0	101	8	0	10	0	355	0	183	79	0	0	0	70	33	14	206	187	17	0	0	0	0	337	52	103	0	139	24	65	0	0	78	0	0	65	0	0	0	174	139	32	71170	10180	0.369	
\\Mac\Home\Documents\Steve\23-10_Manchester2_Mo\Campbell\NEB8A__xrf\XRF data\L000292.spe	1479.00	5.18	1	0.017526	-0.012928	0.010012	0.091030	58602	1.11	0	44	0	0	5	0	152	0	61	0	10	31	0	341	0	245	82	26	210	21	224	0	0	142	164	18	21	11	11	103	167	73	0	0	0	0	80	54	0	0	30	0	87	0	165	329	44	18	225	69769	9626	0.362	
\\Mac\Home\Documents\Steve\23-10_Manchester2_Mo\Campbell\NEB8A__xrf\XRF data\L000293.spe	1480.00	5.16	1	0.017526	-0.012928	0.010012	0.091030	60063	1.23	0	65	15	0	0	0	98	14	113	0	22	0	0	325	58	146	40	47	173	50	127	0	0	0	39	6	11	12	21	15	0	41	157	0	68	0	0	0	248	283	0	9	0	435	482	219	96	53	70	70695	10346	0.366	
\\Mac\Home\Documents\Steve\23-10_Manchester2_Mo\Campbell\NEB8A__xrf\XRF data\L000294.spe	1481.00	5.13	0	0.017526	-0.012928	0.010012	0.091030	61014	1.29	6	0	0	20	7	0	106	16	92	0	0	10	0	397	173	161	91	0	0	0	337	0	54	5	142	7	9	0	30	28	150	25	111	0	0	55	0	0	0	229	0	16	0	60	241	250	129	0	0	70730	9787	0.366	
\\Mac\Home\Documents\Steve\23-10_Manchester2_Mo\Campbell\NEB8A__xrf\XRF data\L000295.spe	1482.00	5.15	1	0.017526	-0.012928	0.010012	0.091030	59377	1.19	40	61	27	26	11	0	95	0	111	14	0	23	0	437	51	180	83	57	0	0	381	47	240	0	157	4	19	15	0	0	499	0	5	0	0	90	85	146	0	0	0	0	0	0	0	302	97	156	172	69109	9853	0.360	
\\Mac\Home\Documents\Steve\23-10_Manchester2_Mo\Campbell\NEB8A__xrf\XRF data\L000296.spe	1483.00	5.12	0	0.017526	-0.012928	0.010012	0.091030	57587	1.33	13	41	19	33	6	0	92	8	136	7	0	27	0	480	95	157	21	57	0	0	216	0	204	0	285	27	12	6	16	175	517	33	68	0	0	112	6	134	0	27	0	0	0	0	0	54	0	82	6	67621	9936	0.354	
\\Mac\Home\Documents\Steve\23-10_Manchester2_Mo\Campbell\NEB8A__xrf\XRF data\L000297.spe	1484.00	5.12	0	0.017526	-0.012928	0.010012	0.091030	54606	2.51	32	9	0	0	0	0	100	5	103	45	19	0	0	367	0	127	44	22	71	0	269	4	153	0	77	0	6	9	0	164	1214	0	0	0	0	0	6	0	0	254	0	0	5	0	0	118	0	35	280	66363	9747	0.347	
\\Mac\Home\Documents\Steve\23-10_Manchester2_Mo\Campbell\NEB8A__xrf\XRF data\L000298.spe	1485.00	5.12	1	0.017526	-0.012928	0.010012	0.091030	52735	1.59	25	54	12	0	11	0	83	0	78	16	0	31	0	249	0	145	56	32	198	92	95	0	13	14	265	10	6	6	12	0	0	0	0	0	0	0	0	0	137	51	0	0	42	638	771	304	184	158	162	64761	9472	0.342	
\\Mac\Home\Documents\Steve\23-10_Manchester2_Mo\Campbell\NEB8A__xrf\XRF data\L000299.spe	1486.00	5.15	1	0.017526	-0.012928	0.010012	0.091030	56189	1.10	37	0	0	0	0	14	71	11	109	20	7	9	0	265	34	99	22	0	0	0	284	0	142	0	0	7	0	19	4	72	336	0	0	0	0	71	144	0	67	30	0	0	0	0	10	304	107	5	192	68397	9731	0.350	
\\Mac\Home\Documents\Steve\23-10_Manchester2_Mo\Campbell\NEB8A__xrf\XRF data\L000300.spe	1487.00	5.25	1	0.017526	-0.012928	0.010012	0.091030	58668	1.14	27	46	23	43	17	20	100	0	180	23	0	0	0	389	0	173	51	17	0	15	88	11	115	12	0	29	12	10	13	135	364	51	0	177	127	90	67	79	151	0	48	0	190	0	0	0	0	56	298	68499	9779	0.351	
\\Mac\Home\Documents\Steve\23-10_Manchester2_Mo\Campbell\NEB8A__xrf\XRF data\L000301.spe	1488.00	5.32	1	0.017526	-0.012928	0.010012	0.091030	58024	1.23	5	14	0	0	25	18	137	0	217	11	6	0	0	559	81	182	123	26	0	0	183	120	152	31	0	0	4	0	0	9	134	12	0	0	292	137	216	214	0	0	0	0	0	162	138	0	59	200	332	68459	9958	0.343	