Date:	2023-08-22		
Time:	17:05		
Sample name:	DP1_DP2_NEB8A		
Position:	548.000049	mm	
Sample surface:	4.742644	cm	
Tube anode:	Mo		
Tube voltage:	30	kV	
Tube current:	30	mA	
Comments	not in position		
Gain	0.060000		
peaking_time	1.500000	m-sec	
trigger_threshold	653.076172	V	
mca_bin_width	17.500000	no:	
number_mca_channels	1024.000000	no:	
gap_time	0.080000	m-sec	
trigger_peaking_time	0.060000	m-sec	
livetime	7.595784	seconds	
runtime	10.007411	seconds	
input_count_rate	16528.580706	cps	
output_count_rate	12545.502679	cps	
triggers	0	seconds	
events_in_run	0	seconds	
channel	content		
 1.00	 0.00
 2.00	 0.00
 3.00	 0.00
 4.00	 0.00
 5.00	 0.00
 6.00	 0.00
 7.00	 0.00
 8.00	 0.00
 9.00	 0.00
10.00	 0.00
11.00	 0.00
12.00	 0.00
13.00	 0.00
14.00	 0.00
15.00	 0.00
16.00	 0.00
17.00	 0.00
18.00	 0.00
19.00	 0.00
20.00	 0.00
21.00	 0.00
22.00	 0.00
23.00	 0.00
24.00	 0.00
25.00	 0.00
26.00	 0.00
27.00	 0.00
28.00	 0.00
29.00	 0.00
30.00	 0.00
31.00	 1.00
32.00	 2.00
33.00	 5.00
34.00	 2.00
35.00	 7.00
36.00	 5.00
37.00	13.00
38.00	14.00
39.00	28.00
40.00	34.00
41.00	53.00
42.00	56.00
43.00	77.00
44.00	126.00
45.00	181.00
46.00	217.00
47.00	314.00
48.00	376.00
49.00	523.00
50.00	627.00
51.00	803.00
52.00	1008.00
53.00	1215.00
54.00	1345.00
55.00	1653.00
56.00	1979.00
57.00	2175.00
58.00	2453.00
59.00	2749.00
60.00	3038.00
61.00	3410.00
62.00	3551.00
63.00	3863.00
64.00	4036.00
65.00	4415.00
66.00	4587.00
67.00	4650.00
68.00	4907.00
69.00	4933.00
70.00	5099.00
71.00	5069.00
72.00	5048.00
73.00	4928.00
74.00	5044.00
75.00	5018.00
76.00	4943.00
77.00	4838.00
78.00	4863.00
79.00	4933.00
80.00	5140.00
81.00	5190.00
82.00	5384.00
83.00	5899.00
84.00	6025.00
85.00	6150.00
86.00	6290.00
87.00	6185.00
88.00	6123.00
89.00	5719.00
90.00	5323.00
91.00	5058.00
92.00	4673.00
93.00	4668.00
94.00	4741.00
95.00	5056.00
96.00	5847.00
97.00	6552.00
98.00	7621.00
99.00	8151.00
100.00	8766.00
101.00	8706.00
102.00	8347.00
103.00	7639.00
104.00	6769.00
105.00	6114.00
106.00	5581.00
107.00	5078.00
108.00	5246.00
109.00	5150.00
110.00	5341.00
111.00	5462.00
112.00	5631.00
113.00	5779.00
114.00	5681.00
115.00	5564.00
116.00	5190.00
117.00	4722.00
118.00	4326.00
119.00	4144.00
120.00	3867.00
121.00	3674.00
122.00	3585.00
123.00	3486.00
124.00	3434.00
125.00	3503.00
126.00	3527.00
127.00	3602.00
128.00	3793.00
129.00	4094.00
130.00	4515.00
131.00	4673.00
132.00	4968.00
133.00	4884.00
134.00	4821.00
135.00	4421.00
136.00	4361.00
137.00	3860.00
138.00	3401.00
139.00	3025.00
140.00	2931.00
141.00	2796.00
142.00	2800.00
143.00	2666.00
144.00	2716.00
145.00	2696.00
146.00	2716.00
147.00	2846.00
148.00	2889.00
149.00	2942.00
150.00	2967.00
151.00	3033.00
152.00	3231.00
153.00	3104.00
154.00	3314.00
155.00	3397.00
156.00	3559.00
157.00	3695.00
158.00	3837.00
159.00	4072.00
160.00	3904.00
161.00	3990.00
162.00	4031.00
163.00	4448.00
164.00	4882.00
165.00	5964.00
166.00	7214.00
167.00	8799.00
168.00	10224.00
169.00	11625.00
170.00	12067.00
171.00	11860.00
172.00	11049.00
173.00	9312.00
174.00	7591.00
175.00	6082.00
176.00	4785.00
177.00	3870.00
178.00	3413.00
179.00	3391.00
180.00	3589.00
181.00	4265.00
182.00	5030.00
183.00	6488.00
184.00	8461.00
185.00	11356.00
186.00	15153.00
187.00	19312.00
188.00	23911.00
189.00	27165.00
190.00	28968.00
191.00	29283.00
192.00	27339.00
193.00	23995.00
194.00	19291.00
195.00	15018.00
196.00	10668.00
197.00	7850.00
198.00	5977.00
199.00	4987.00
200.00	4996.00
201.00	6228.00
202.00	8658.00
203.00	12895.00
204.00	19471.00
205.00	29614.00
206.00	43542.00
207.00	61996.00
208.00	84853.00
209.00	108592.00
210.00	131347.00
211.00	147646.00
212.00	154415.00
213.00	150386.00
214.00	134932.00
215.00	114059.00
216.00	88793.00
217.00	64494.00
218.00	43775.00
219.00	28038.00
220.00	17683.00
221.00	11523.00
222.00	8620.00
223.00	8024.00
224.00	9241.00
225.00	11348.00
226.00	14598.00
227.00	18413.00
228.00	22401.00
229.00	25363.00
230.00	26929.00
231.00	27462.00
232.00	25604.00
233.00	22825.00
234.00	18946.00
235.00	14898.00
236.00	11188.00
237.00	8022.00
238.00	5969.00
239.00	4409.00
240.00	3550.00
241.00	3007.00
242.00	2792.00
243.00	2810.00
244.00	2997.00
245.00	3367.00
246.00	4008.00
247.00	5290.00
248.00	7582.00
249.00	11654.00
250.00	18470.00
251.00	29218.00
252.00	45109.00
253.00	67733.00
254.00	95487.00
255.00	127125.00
256.00	160435.00
257.00	189025.00
258.00	209156.00
259.00	216188.00
260.00	208004.00
261.00	187989.00
262.00	159610.00
263.00	128105.00
264.00	98542.00
265.00	73996.00
266.00	54180.00
267.00	40233.00
268.00	30684.00
269.00	24039.00
270.00	19350.00
271.00	15911.00
272.00	13826.00
273.00	12474.00
274.00	12659.00
275.00	13913.00
276.00	16094.00
277.00	19722.00
278.00	24379.00
279.00	29277.00
280.00	34532.00
281.00	39771.00
282.00	42991.00
283.00	43936.00
284.00	43241.00
285.00	39685.00
286.00	34603.00
287.00	28941.00
288.00	22983.00
289.00	18034.00
290.00	13955.00
291.00	10725.00
292.00	9014.00
293.00	7942.00
294.00	7273.00
295.00	7247.00
296.00	7270.00
297.00	7768.00
298.00	8043.00
299.00	8457.00
300.00	8771.00
301.00	9210.00
302.00	9657.00
303.00	9897.00
304.00	10224.00
305.00	10672.00
306.00	10870.00
307.00	10931.00
308.00	10994.00
309.00	11028.00
310.00	10952.00
311.00	10755.00
312.00	10592.00
313.00	10188.00
314.00	9958.00
315.00	9686.00
316.00	9421.00
317.00	9270.00
318.00	8924.00
319.00	8786.00
320.00	8561.00
321.00	8712.00
322.00	8764.00
323.00	8670.00
324.00	8672.00
325.00	8776.00
326.00	9008.00
327.00	9219.00
328.00	9724.00
329.00	10550.00
330.00	11233.00
331.00	12583.00
332.00	14172.00
333.00	16368.00
334.00	18719.00
335.00	21039.00
336.00	23116.00
337.00	24494.00
338.00	25252.00
339.00	25061.00
340.00	24456.00
341.00	23337.00
342.00	21253.00
343.00	19811.00
344.00	18135.00
345.00	17018.00
346.00	16851.00
347.00	16686.00
348.00	17514.00
349.00	18709.00
350.00	20712.00
351.00	24759.00
352.00	31698.00
353.00	43861.00
354.00	65722.00
355.00	105179.00
356.00	173987.00
357.00	285740.00
358.00	461479.00
359.00	723032.00
360.00	1083418.00
361.00	1548612.00
362.00	2100017.00
363.00	2707681.00
364.00	3297744.00
365.00	3797039.00
366.00	4124808.00
367.00	4228407.00
368.00	4093877.00
369.00	3733314.00
370.00	3205707.00
371.00	2599630.00
372.00	1989639.00
373.00	1436368.00
374.00	984132.00
375.00	639436.00
376.00	395669.00
377.00	236685.00
378.00	138681.00
379.00	82707.00
380.00	52707.00
381.00	37568.00
382.00	30556.00
383.00	27337.00
384.00	26047.00
385.00	26020.00
386.00	26609.00
387.00	28129.00
388.00	29194.00
389.00	31749.00
390.00	34975.00
391.00	40397.00
392.00	48061.00
393.00	60425.00
394.00	78511.00
395.00	106458.00
396.00	145635.00
397.00	198920.00
398.00	267760.00
399.00	350923.00
400.00	441492.00
401.00	534082.00
402.00	616399.00
403.00	677519.00
404.00	706525.00
405.00	701081.00
406.00	659183.00
407.00	589891.00
408.00	498187.00
409.00	401757.00
410.00	306780.00
411.00	225574.00
412.00	157791.00
413.00	108186.00
414.00	72930.00
415.00	49762.00
416.00	35140.00
417.00	26942.00
418.00	22424.00
419.00	20353.00
420.00	19679.00
421.00	19729.00
422.00	20724.00
423.00	21138.00
424.00	22060.00
425.00	23119.00
426.00	23866.00
427.00	24528.00
428.00	24693.00
429.00	24784.00
430.00	24667.00
431.00	24052.00
432.00	23591.00
433.00	22587.00
434.00	22182.00
435.00	21401.00
436.00	21209.00
437.00	20848.00
438.00	20773.00
439.00	20471.00
440.00	20750.00
441.00	20902.00
442.00	21231.00
443.00	21183.00
444.00	21351.00
445.00	22047.00
446.00	22010.00
447.00	22384.00
448.00	22840.00
449.00	23068.00
450.00	23317.00
451.00	23834.00
452.00	24150.00
453.00	24913.00
454.00	25630.00
455.00	26054.00
456.00	26704.00
457.00	27432.00
458.00	28307.00
459.00	28726.00
460.00	29471.00
461.00	30157.00
462.00	30152.00
463.00	30278.00
464.00	30521.00
465.00	30487.00
466.00	30339.00
467.00	30422.00
468.00	30245.00
469.00	30560.00
470.00	30647.00
471.00	30920.00
472.00	31281.00
473.00	31562.00
474.00	32003.00
475.00	32308.00
476.00	33384.00
477.00	33878.00
478.00	34176.00
479.00	34481.00
480.00	35386.00
481.00	35258.00
482.00	35226.00
483.00	35547.00
484.00	35435.00
485.00	34931.00
486.00	35569.00
487.00	36337.00
488.00	37318.00
489.00	39799.00
490.00	40877.00
491.00	43099.00
492.00	45109.00
493.00	46061.00
494.00	47272.00
495.00	47045.00
496.00	46977.00
497.00	45583.00
498.00	44201.00
499.00	42262.00
500.00	40325.00
501.00	38734.00
502.00	37479.00
503.00	36733.00
504.00	36131.00
505.00	36013.00
506.00	35668.00
507.00	36087.00
508.00	35524.00
509.00	35923.00
510.00	36466.00
511.00	36689.00
512.00	36747.00
513.00	37027.00
514.00	37326.00
515.00	37414.00
516.00	37544.00
517.00	38307.00
518.00	38639.00
519.00	38868.00
520.00	39311.00
521.00	39690.00
522.00	41145.00
523.00	41678.00
524.00	42375.00
525.00	43128.00
526.00	44081.00
527.00	45283.00
528.00	45893.00
529.00	46497.00
530.00	46290.00
531.00	46766.00
532.00	46607.00
533.00	46676.00
534.00	46259.00
535.00	46253.00
536.00	46309.00
537.00	46204.00
538.00	45634.00
539.00	46026.00
540.00	46885.00
541.00	46789.00
542.00	46955.00
543.00	47347.00
544.00	48203.00
545.00	49039.00
546.00	49493.00
547.00	50068.00
548.00	50889.00
549.00	50596.00
550.00	51207.00
551.00	51357.00
552.00	51195.00
553.00	51035.00
554.00	51294.00
555.00	50646.00
556.00	50630.00
557.00	50412.00
558.00	50190.00
559.00	49882.00
560.00	49950.00
561.00	49612.00
562.00	49240.00
563.00	50091.00
564.00	49622.00
565.00	49661.00
566.00	50216.00
567.00	50087.00
568.00	50606.00
569.00	50262.00
570.00	50908.00
571.00	50389.00
572.00	51221.00
573.00	51299.00
574.00	50936.00
575.00	50694.00
576.00	51192.00
577.00	51210.00
578.00	51232.00
579.00	51557.00
580.00	51326.00
581.00	51867.00
582.00	51795.00
583.00	52079.00
584.00	52914.00
585.00	52904.00
586.00	53008.00
587.00	53574.00
588.00	53593.00
589.00	53589.00
590.00	53824.00
591.00	54070.00
592.00	54362.00
593.00	54379.00
594.00	55039.00
595.00	54526.00
596.00	54763.00
597.00	55009.00
598.00	55770.00
599.00	56291.00
600.00	56113.00
601.00	56277.00
602.00	56709.00
603.00	56778.00
604.00	57199.00
605.00	57488.00
606.00	57900.00
607.00	57800.00
608.00	58157.00
609.00	58578.00
610.00	58181.00
611.00	58636.00
612.00	59004.00
613.00	59410.00
614.00	59496.00
615.00	59508.00
616.00	60086.00
617.00	60367.00
618.00	60335.00
619.00	61152.00
620.00	61170.00
621.00	61300.00
622.00	62309.00
623.00	62036.00
624.00	62258.00
625.00	62570.00
626.00	62998.00
627.00	63178.00
628.00	62857.00
629.00	63422.00
630.00	63557.00
631.00	63412.00
632.00	63641.00
633.00	63875.00
634.00	64921.00
635.00	64634.00
636.00	64881.00
637.00	65087.00
638.00	66037.00
639.00	65340.00
640.00	65972.00
641.00	66187.00
642.00	66830.00
643.00	66438.00
644.00	67057.00
645.00	67508.00
646.00	67243.00
647.00	67368.00
648.00	67488.00
649.00	67565.00
650.00	68048.00
651.00	68002.00
652.00	68068.00
653.00	68580.00
654.00	68390.00
655.00	68614.00
656.00	68515.00
657.00	68885.00
658.00	69391.00
659.00	69625.00
660.00	69608.00
661.00	69671.00
662.00	69771.00
663.00	70122.00
664.00	70595.00
665.00	70925.00
666.00	71177.00
667.00	70963.00
668.00	71436.00
669.00	72461.00
670.00	72389.00
671.00	73260.00
672.00	73674.00
673.00	74523.00
674.00	75415.00
675.00	76635.00
676.00	77994.00
677.00	79294.00
678.00	80001.00
679.00	81410.00
680.00	82839.00
681.00	82901.00
682.00	83275.00
683.00	82795.00
684.00	82365.00
685.00	80896.00
686.00	80566.00
687.00	79245.00
688.00	79115.00
689.00	77964.00
690.00	76560.00
691.00	76860.00
692.00	76229.00
693.00	76292.00
694.00	76235.00
695.00	75730.00
696.00	75887.00
697.00	75791.00
698.00	76112.00
699.00	76563.00
700.00	77174.00
701.00	76474.00
702.00	77163.00
703.00	77669.00
704.00	77336.00
705.00	76919.00
706.00	77152.00
707.00	77930.00
708.00	77924.00
709.00	78299.00
710.00	78213.00
711.00	78769.00
712.00	79292.00
713.00	79658.00
714.00	79741.00
715.00	80217.00
716.00	80018.00
717.00	80622.00
718.00	80996.00
719.00	80786.00
720.00	80979.00
721.00	80773.00
722.00	81795.00
723.00	81957.00
724.00	81995.00
725.00	82537.00
726.00	82662.00
727.00	82957.00
728.00	83392.00
729.00	83641.00
730.00	84026.00
731.00	84389.00
732.00	84903.00
733.00	84259.00
734.00	84922.00
735.00	84879.00
736.00	85344.00
737.00	85032.00
738.00	84780.00
739.00	84455.00
740.00	85407.00
741.00	85287.00
742.00	85031.00
743.00	85158.00
744.00	84877.00
745.00	85133.00
746.00	85261.00
747.00	84968.00
748.00	85766.00
749.00	85744.00
750.00	85990.00
751.00	86103.00
752.00	86333.00
753.00	86958.00
754.00	86946.00
755.00	88637.00
756.00	89067.00
757.00	89790.00
758.00	90253.00
759.00	91855.00
760.00	92296.00
761.00	93517.00
762.00	94707.00
763.00	94442.00
764.00	95446.00
765.00	95316.00
766.00	94987.00
767.00	94403.00
768.00	94737.00
769.00	93230.00
770.00	92880.00
771.00	92469.00
772.00	91800.00
773.00	90860.00
774.00	90694.00
775.00	89983.00
776.00	89431.00
777.00	89090.00
778.00	88705.00
779.00	89337.00
780.00	89548.00
781.00	89028.00
782.00	89694.00
783.00	89540.00
784.00	89158.00
785.00	89093.00
786.00	89368.00
787.00	89702.00
788.00	90047.00
789.00	90587.00
790.00	90967.00
791.00	91576.00
792.00	92517.00
793.00	94554.00
794.00	96530.00
795.00	99957.00
796.00	103879.00
797.00	109827.00
798.00	117072.00
799.00	127074.00
800.00	139148.00
801.00	153393.00
802.00	167712.00
803.00	184409.00
804.00	201938.00
805.00	217786.00
806.00	231755.00
807.00	241890.00
808.00	248902.00
809.00	250719.00
810.00	246737.00
811.00	240077.00
812.00	228123.00
813.00	213640.00
814.00	195949.00
815.00	178158.00
816.00	162645.00
817.00	146089.00
818.00	132496.00
819.00	121007.00
820.00	111344.00
821.00	104775.00
822.00	99571.00
823.00	95859.00
824.00	93646.00
825.00	91977.00
826.00	90499.00
827.00	90355.00
828.00	90087.00
829.00	89878.00
830.00	89821.00
831.00	89719.00
832.00	89464.00
833.00	89852.00
834.00	89708.00
835.00	89889.00
836.00	89951.00
837.00	90238.00
838.00	89775.00
839.00	90237.00
840.00	89985.00
841.00	90392.00
842.00	91018.00
843.00	91156.00
844.00	90878.00
845.00	91969.00
846.00	92578.00
847.00	93210.00
848.00	93720.00
849.00	94888.00
850.00	94909.00
851.00	95658.00
852.00	95509.00
853.00	96075.00
854.00	96455.00
855.00	96887.00
856.00	95980.00
857.00	95927.00
858.00	95955.00
859.00	95052.00
860.00	94852.00
861.00	94642.00
862.00	94395.00
863.00	93819.00
864.00	93875.00
865.00	92687.00
866.00	93365.00
867.00	92449.00
868.00	92900.00
869.00	92608.00
870.00	92906.00
871.00	93530.00
872.00	93497.00
873.00	93752.00
874.00	93971.00
875.00	94282.00
876.00	94009.00
877.00	94388.00
878.00	95074.00
879.00	95557.00
880.00	95185.00
881.00	95871.00
882.00	96286.00
883.00	97339.00
884.00	97679.00
885.00	99124.00
886.00	100061.00
887.00	101290.00
888.00	103212.00
889.00	105476.00
890.00	107472.00
891.00	111004.00
892.00	113648.00
893.00	118019.00
894.00	123059.00
895.00	127643.00
896.00	133339.00
897.00	139175.00
898.00	143475.00
899.00	148383.00
900.00	153197.00
901.00	157049.00
902.00	159923.00
903.00	161311.00
904.00	162582.00
905.00	161085.00
906.00	159843.00
907.00	158626.00
908.00	155316.00
909.00	152682.00
910.00	150019.00
911.00	147755.00
912.00	146348.00
913.00	145519.00
914.00	146771.00
915.00	148511.00
916.00	151428.00
917.00	155549.00
918.00	159624.00
919.00	164647.00
920.00	170617.00
921.00	178118.00
922.00	185145.00
923.00	193476.00
924.00	202207.00
925.00	212466.00
926.00	222404.00
927.00	234386.00
928.00	245018.00
929.00	256006.00
930.00	268611.00
931.00	280222.00
932.00	292112.00
933.00	302029.00
934.00	314323.00
935.00	323659.00
936.00	333107.00
937.00	340003.00
938.00	347052.00
939.00	352735.00
940.00	356316.00
941.00	357669.00
942.00	359987.00
943.00	358410.00
944.00	354811.00
945.00	351981.00
946.00	344580.00
947.00	338295.00
948.00	329297.00
949.00	319644.00
950.00	310095.00
951.00	297517.00
952.00	287525.00
953.00	275121.00
954.00	261236.00
955.00	249915.00
956.00	237199.00
957.00	226329.00
958.00	212755.00
959.00	203240.00
960.00	191540.00
961.00	181830.00
962.00	172180.00
963.00	163320.00
964.00	155480.00
965.00	147278.00
966.00	141027.00
967.00	134520.00
968.00	129342.00
969.00	123894.00
970.00	119094.00
971.00	115127.00
972.00	110481.00
973.00	107477.00
974.00	103839.00
975.00	101848.00
976.00	99247.00
977.00	97743.00
978.00	97046.00
979.00	96796.00
980.00	96576.00
981.00	97966.00
982.00	100415.00
983.00	103896.00
984.00	109246.00
985.00	115768.00
986.00	123711.00
987.00	133465.00
988.00	144402.00
989.00	157027.00
990.00	170418.00
991.00	184472.00
992.00	197502.00
993.00	210527.00
994.00	220573.00
995.00	229214.00
996.00	234028.00
997.00	236511.00
998.00	235470.00
999.00	229822.00
1000.00	221188.00
1001.00	209320.00
1002.00	195992.00
1003.00	180833.00
1004.00	165452.00
1005.00	149954.00
1006.00	134676.00
1007.00	122032.00
1008.00	109372.00
1009.00	100231.00
1010.00	92283.00
1011.00	86039.00
1012.00	80835.00
1013.00	76687.00
1014.00	73795.00
1015.00	71624.00
1016.00	70842.00
1017.00	69574.00
1018.00	68142.00
1019.00	68238.00
1020.00	67561.00
1021.00	68114.00
1022.00	67800.00
1023.00	68300.00
1024.00	68585.00
