Date:	2023-08-24		
Time:	14:38		
Sample name:	MI1H_I_J		
Position:	1168.000049	mm	
Sample surface:	4.738334	cm	
Tube anode:	Mo		
Tube voltage:	30	kV	
Tube current:	30	mA	
Comments	not in position		
Gain	0.060000		
peaking_time	1.500000	m-sec	
trigger_threshold	653.076172	V	
mca_bin_width	17.500000	no:	
number_mca_channels	1024.000000	no:	
gap_time	0.080000	m-sec	
trigger_peaking_time	0.060000	m-sec	
livetime	7.444176	seconds	
runtime	10.006833	seconds	
input_count_rate	37599.154622	cps	
output_count_rate	27969.289591	cps	
triggers	0	seconds	
events_in_run	0	seconds	
channel	content		
 1.00	 0.00
 2.00	 0.00
 3.00	 0.00
 4.00	 0.00
 5.00	 0.00
 6.00	 0.00
 7.00	 0.00
 8.00	 0.00
 9.00	 0.00
10.00	 0.00
11.00	 0.00
12.00	 0.00
13.00	 0.00
14.00	 0.00
15.00	 0.00
16.00	 0.00
17.00	 0.00
18.00	 0.00
19.00	 0.00
20.00	 0.00
21.00	 0.00
22.00	 0.00
23.00	 0.00
24.00	 0.00
25.00	 0.00
26.00	 0.00
27.00	 0.00
28.00	 0.00
29.00	 0.00
30.00	 0.00
31.00	 0.00
32.00	 0.00
33.00	 0.00
34.00	 1.00
35.00	 1.00
36.00	 7.00
37.00	 3.00
38.00	 3.00
39.00	 3.00
40.00	 8.00
41.00	12.00
42.00	13.00
43.00	20.00
44.00	28.00
45.00	45.00
46.00	47.00
47.00	56.00
48.00	61.00
49.00	115.00
50.00	132.00
51.00	161.00
52.00	217.00
53.00	217.00
54.00	307.00
55.00	332.00
56.00	408.00
57.00	455.00
58.00	553.00
59.00	604.00
60.00	630.00
61.00	705.00
62.00	808.00
63.00	827.00
64.00	850.00
65.00	916.00
66.00	910.00
67.00	963.00
68.00	952.00
69.00	1056.00
70.00	1079.00
71.00	1091.00
72.00	1094.00
73.00	1004.00
74.00	1027.00
75.00	1066.00
76.00	1010.00
77.00	1042.00
78.00	945.00
79.00	970.00
80.00	1048.00
81.00	984.00
82.00	1039.00
83.00	960.00
84.00	1034.00
85.00	1104.00
86.00	1085.00
87.00	1039.00
88.00	1012.00
89.00	949.00
90.00	902.00
91.00	919.00
92.00	859.00
93.00	791.00
94.00	797.00
95.00	761.00
96.00	838.00
97.00	829.00
98.00	830.00
99.00	806.00
100.00	864.00
101.00	895.00
102.00	838.00
103.00	830.00
104.00	815.00
105.00	786.00
106.00	746.00
107.00	748.00
108.00	725.00
109.00	738.00
110.00	684.00
111.00	731.00
112.00	714.00
113.00	741.00
114.00	656.00
115.00	701.00
116.00	661.00
117.00	656.00
118.00	676.00
119.00	653.00
120.00	568.00
121.00	564.00
122.00	579.00
123.00	555.00
124.00	548.00
125.00	563.00
126.00	534.00
127.00	507.00
128.00	612.00
129.00	612.00
130.00	643.00
131.00	641.00
132.00	663.00
133.00	659.00
134.00	654.00
135.00	618.00
136.00	631.00
137.00	514.00
138.00	446.00
139.00	483.00
140.00	444.00
141.00	414.00
142.00	448.00
143.00	422.00
144.00	427.00
145.00	387.00
146.00	371.00
147.00	405.00
148.00	370.00
149.00	387.00
150.00	413.00
151.00	399.00
152.00	388.00
153.00	414.00
154.00	419.00
155.00	426.00
156.00	494.00
157.00	480.00
158.00	445.00
159.00	508.00
160.00	477.00
161.00	490.00
162.00	499.00
163.00	523.00
164.00	574.00
165.00	575.00
166.00	715.00
167.00	857.00
168.00	972.00
169.00	1019.00
170.00	1101.00
171.00	1121.00
172.00	982.00
173.00	873.00
174.00	735.00
175.00	618.00
176.00	520.00
177.00	446.00
178.00	391.00
179.00	365.00
180.00	409.00
181.00	397.00
182.00	426.00
183.00	416.00
184.00	453.00
185.00	431.00
186.00	481.00
187.00	541.00
188.00	534.00
189.00	540.00
190.00	559.00
191.00	561.00
192.00	502.00
193.00	499.00
194.00	428.00
195.00	406.00
196.00	352.00
197.00	341.00
198.00	307.00
199.00	343.00
200.00	318.00
201.00	384.00
202.00	437.00
203.00	556.00
204.00	849.00
205.00	1109.00
206.00	1661.00
207.00	2323.00
208.00	3080.00
209.00	3889.00
210.00	4652.00
211.00	5338.00
212.00	5673.00
213.00	5513.00
214.00	4931.00
215.00	4200.00
216.00	3387.00
217.00	2471.00
218.00	1806.00
219.00	1222.00
220.00	835.00
221.00	626.00
222.00	552.00
223.00	494.00
224.00	510.00
225.00	630.00
226.00	729.00
227.00	841.00
228.00	1001.00
229.00	1155.00
230.00	1196.00
231.00	1161.00
232.00	1154.00
233.00	1030.00
234.00	898.00
235.00	757.00
236.00	592.00
237.00	509.00
238.00	430.00
239.00	358.00
240.00	377.00
241.00	312.00
242.00	316.00
243.00	331.00
244.00	353.00
245.00	386.00
246.00	453.00
247.00	575.00
248.00	815.00
249.00	1151.00
250.00	1922.00
251.00	3029.00
252.00	4615.00
253.00	6761.00
254.00	9461.00
255.00	12312.00
256.00	15787.00
257.00	18519.00
258.00	20339.00
259.00	20889.00
260.00	20010.00
261.00	17981.00
262.00	15385.00
263.00	12056.00
264.00	9024.00
265.00	6464.00
266.00	4325.00
267.00	2834.00
268.00	1935.00
269.00	1407.00
270.00	1154.00
271.00	958.00
272.00	846.00
273.00	899.00
274.00	966.00
275.00	1219.00
276.00	1448.00
277.00	1931.00
278.00	2354.00
279.00	2930.00
280.00	3466.00
281.00	4065.00
282.00	4378.00
283.00	4598.00
284.00	4470.00
285.00	4212.00
286.00	3655.00
287.00	3048.00
288.00	2391.00
289.00	1905.00
290.00	1525.00
291.00	1176.00
292.00	948.00
293.00	839.00
294.00	741.00
295.00	734.00
296.00	723.00
297.00	738.00
298.00	738.00
299.00	765.00
300.00	729.00
301.00	801.00
302.00	819.00
303.00	845.00
304.00	929.00
305.00	928.00
306.00	994.00
307.00	973.00
308.00	1015.00
309.00	1068.00
310.00	1050.00
311.00	1040.00
312.00	1120.00
313.00	1070.00
314.00	1055.00
315.00	1001.00
316.00	997.00
317.00	995.00
318.00	986.00
319.00	966.00
320.00	974.00
321.00	950.00
322.00	966.00
323.00	970.00
324.00	1019.00
325.00	1009.00
326.00	1040.00
327.00	1119.00
328.00	1013.00
329.00	1103.00
330.00	1135.00
331.00	1234.00
332.00	1258.00
333.00	1488.00
334.00	1447.00
335.00	1564.00
336.00	1729.00
337.00	1810.00
338.00	1813.00
339.00	1852.00
340.00	1764.00
341.00	1737.00
342.00	1687.00
343.00	1620.00
344.00	1615.00
345.00	1576.00
346.00	1512.00
347.00	1469.00
348.00	1466.00
349.00	1599.00
350.00	1607.00
351.00	1740.00
352.00	1851.00
353.00	2221.00
354.00	2812.00
355.00	3721.00
356.00	5538.00
357.00	8277.00
358.00	12437.00
359.00	18492.00
360.00	27339.00
361.00	38246.00
362.00	50397.00
363.00	64858.00
364.00	78006.00
365.00	89017.00
366.00	96877.00
367.00	99216.00
368.00	95786.00
369.00	87786.00
370.00	75497.00
371.00	62106.00
372.00	47720.00
373.00	35082.00
374.00	24926.00
375.00	16997.00
376.00	11166.00
377.00	7330.00
378.00	4994.00
379.00	3782.00
380.00	2962.00
381.00	2623.00
382.00	2431.00
383.00	2439.00
384.00	2413.00
385.00	2475.00
386.00	2431.00
387.00	2503.00
388.00	2680.00
389.00	2688.00
390.00	2800.00
391.00	3038.00
392.00	3244.00
393.00	3658.00
394.00	4289.00
395.00	4898.00
396.00	5993.00
397.00	7273.00
398.00	8969.00
399.00	11207.00
400.00	13214.00
401.00	15683.00
402.00	17499.00
403.00	18664.00
404.00	19572.00
405.00	19313.00
406.00	18417.00
407.00	16543.00
408.00	14481.00
409.00	12167.00
410.00	10148.00
411.00	8140.00
412.00	6423.00
413.00	5215.00
414.00	4416.00
415.00	3893.00
416.00	3449.00
417.00	3369.00
418.00	3311.00
419.00	3383.00
420.00	3518.00
421.00	3680.00
422.00	3799.00
423.00	4112.00
424.00	4202.00
425.00	4530.00
426.00	4672.00
427.00	4719.00
428.00	4974.00
429.00	4861.00
430.00	4758.00
431.00	4742.00
432.00	4595.00
433.00	4379.00
434.00	4291.00
435.00	4185.00
436.00	4078.00
437.00	3920.00
438.00	3941.00
439.00	3964.00
440.00	3922.00
441.00	3946.00
442.00	3992.00
443.00	3947.00
444.00	4039.00
445.00	4121.00
446.00	4193.00
447.00	4201.00
448.00	4279.00
449.00	4375.00
450.00	4474.00
451.00	4482.00
452.00	4667.00
453.00	4607.00
454.00	4791.00
455.00	4898.00
456.00	5066.00
457.00	5234.00
458.00	5433.00
459.00	5559.00
460.00	5511.00
461.00	5868.00
462.00	5896.00
463.00	5968.00
464.00	5995.00
465.00	5819.00
466.00	5860.00
467.00	5979.00
468.00	5955.00
469.00	6028.00
470.00	6114.00
471.00	6029.00
472.00	6199.00
473.00	5994.00
474.00	6207.00
475.00	6183.00
476.00	6302.00
477.00	6163.00
478.00	6368.00
479.00	6405.00
480.00	6464.00
481.00	6406.00
482.00	6477.00
483.00	6422.00
484.00	6300.00
485.00	6302.00
486.00	6350.00
487.00	6633.00
488.00	6390.00
489.00	6612.00
490.00	6857.00
491.00	7109.00
492.00	7221.00
493.00	7426.00
494.00	7484.00
495.00	7395.00
496.00	7552.00
497.00	7272.00
498.00	7109.00
499.00	6956.00
500.00	6907.00
501.00	6915.00
502.00	6743.00
503.00	6647.00
504.00	6507.00
505.00	6696.00
506.00	6835.00
507.00	6810.00
508.00	6905.00
509.00	6922.00
510.00	7001.00
511.00	7037.00
512.00	7047.00
513.00	7137.00
514.00	6924.00
515.00	7211.00
516.00	7306.00
517.00	7301.00
518.00	7311.00
519.00	7567.00
520.00	7703.00
521.00	7586.00
522.00	7749.00
523.00	8050.00
524.00	8002.00
525.00	7977.00
526.00	7883.00
527.00	8287.00
528.00	8209.00
529.00	8497.00
530.00	8458.00
531.00	8929.00
532.00	8633.00
533.00	8931.00
534.00	8829.00
535.00	8663.00
536.00	9100.00
537.00	8949.00
538.00	8844.00
539.00	9034.00
540.00	8945.00
541.00	9207.00
542.00	9321.00
543.00	9199.00
544.00	9594.00
545.00	9573.00
546.00	9720.00
547.00	9933.00
548.00	9820.00
549.00	9820.00
550.00	9817.00
551.00	9996.00
552.00	9943.00
553.00	10084.00
554.00	9929.00
555.00	10037.00
556.00	9994.00
557.00	9959.00
558.00	9862.00
559.00	9773.00
560.00	9897.00
561.00	9895.00
562.00	9868.00
563.00	9840.00
564.00	10138.00
565.00	9905.00
566.00	10012.00
567.00	10123.00
568.00	10237.00
569.00	10432.00
570.00	10394.00
571.00	10336.00
572.00	10341.00
573.00	10344.00
574.00	10472.00
575.00	10617.00
576.00	10463.00
577.00	10159.00
578.00	10623.00
579.00	10570.00
580.00	10714.00
581.00	10597.00
582.00	10829.00
583.00	10966.00
584.00	10892.00
585.00	10861.00
586.00	10890.00
587.00	10831.00
588.00	11008.00
589.00	11063.00
590.00	11199.00
591.00	11181.00
592.00	11208.00
593.00	11358.00
594.00	11367.00
595.00	11245.00
596.00	11466.00
597.00	11539.00
598.00	11543.00
599.00	11666.00
600.00	11651.00
601.00	11731.00
602.00	11688.00
603.00	11747.00
604.00	11836.00
605.00	12094.00
606.00	12255.00
607.00	11832.00
608.00	12324.00
609.00	12332.00
610.00	12454.00
611.00	12297.00
612.00	12365.00
613.00	12385.00
614.00	12659.00
615.00	12574.00
616.00	12511.00
617.00	12925.00
618.00	12685.00
619.00	12880.00
620.00	13011.00
621.00	12822.00
622.00	12945.00
623.00	13224.00
624.00	13122.00
625.00	13243.00
626.00	13459.00
627.00	13498.00
628.00	13304.00
629.00	13560.00
630.00	13585.00
631.00	13747.00
632.00	13417.00
633.00	13599.00
634.00	13735.00
635.00	13455.00
636.00	14117.00
637.00	13799.00
638.00	13923.00
639.00	14170.00
640.00	14111.00
641.00	13938.00
642.00	14172.00
643.00	14377.00
644.00	14078.00
645.00	14201.00
646.00	14403.00
647.00	14462.00
648.00	14557.00
649.00	14638.00
650.00	14341.00
651.00	14591.00
652.00	14577.00
653.00	14562.00
654.00	14620.00
655.00	14778.00
656.00	14560.00
657.00	14737.00
658.00	14795.00
659.00	14891.00
660.00	14815.00
661.00	15158.00
662.00	14995.00
663.00	15316.00
664.00	15320.00
665.00	15148.00
666.00	15246.00
667.00	15519.00
668.00	15651.00
669.00	15531.00
670.00	15868.00
671.00	15617.00
672.00	16164.00
673.00	16422.00
674.00	16705.00
675.00	17005.00
676.00	17498.00
677.00	17996.00
678.00	18358.00
679.00	18764.00
680.00	19047.00
681.00	19266.00
682.00	19088.00
683.00	18960.00
684.00	18771.00
685.00	18475.00
686.00	18196.00
687.00	17769.00
688.00	17572.00
689.00	17394.00
690.00	17370.00
691.00	17155.00
692.00	16983.00
693.00	16688.00
694.00	16905.00
695.00	16663.00
696.00	16846.00
697.00	16936.00
698.00	16748.00
699.00	16739.00
700.00	17125.00
701.00	17060.00
702.00	17133.00
703.00	16877.00
704.00	17102.00
705.00	17089.00
706.00	17025.00
707.00	17117.00
708.00	17201.00
709.00	17182.00
710.00	17192.00
711.00	17272.00
712.00	17582.00
713.00	17565.00
714.00	17586.00
715.00	17654.00
716.00	17729.00
717.00	17723.00
718.00	17536.00
719.00	17599.00
720.00	17605.00
721.00	17561.00
722.00	17763.00
723.00	17581.00
724.00	18025.00
725.00	17947.00
726.00	17789.00
727.00	18135.00
728.00	17967.00
729.00	17996.00
730.00	18010.00
731.00	18170.00
732.00	18198.00
733.00	18248.00
734.00	18273.00
735.00	18488.00
736.00	18293.00
737.00	18340.00
738.00	18377.00
739.00	18462.00
740.00	18646.00
741.00	18664.00
742.00	18546.00
743.00	18603.00
744.00	18731.00
745.00	18592.00
746.00	18802.00
747.00	18762.00
748.00	18364.00
749.00	18669.00
750.00	18664.00
751.00	18923.00
752.00	18868.00
753.00	18978.00
754.00	19014.00
755.00	19230.00
756.00	19311.00
757.00	19430.00
758.00	19221.00
759.00	19587.00
760.00	19585.00
761.00	19719.00
762.00	19528.00
763.00	19819.00
764.00	19650.00
765.00	19511.00
766.00	19731.00
767.00	19554.00
768.00	19725.00
769.00	19497.00
770.00	19384.00
771.00	19397.00
772.00	19461.00
773.00	19464.00
774.00	19542.00
775.00	19238.00
776.00	19278.00
777.00	19747.00
778.00	19438.00
779.00	19347.00
780.00	19535.00
781.00	19395.00
782.00	19527.00
783.00	19649.00
784.00	19445.00
785.00	19435.00
786.00	19511.00
787.00	19768.00
788.00	19687.00
789.00	19981.00
790.00	19436.00
791.00	19855.00
792.00	19888.00
793.00	19614.00
794.00	20144.00
795.00	20028.00
796.00	20324.00
797.00	20696.00
798.00	20820.00
799.00	21178.00
800.00	21457.00
801.00	22070.00
802.00	22623.00
803.00	23439.00
804.00	23327.00
805.00	24225.00
806.00	24563.00
807.00	24751.00
808.00	25454.00
809.00	25060.00
810.00	25208.00
811.00	24821.00
812.00	24522.00
813.00	24147.00
814.00	23776.00
815.00	23082.00
816.00	22675.00
817.00	21799.00
818.00	21649.00
819.00	21127.00
820.00	20730.00
821.00	20566.00
822.00	20474.00
823.00	20399.00
824.00	20393.00
825.00	20392.00
826.00	20439.00
827.00	20129.00
828.00	20171.00
829.00	20232.00
830.00	20202.00
831.00	20342.00
832.00	20491.00
833.00	20251.00
834.00	20555.00
835.00	20479.00
836.00	20572.00
837.00	20813.00
838.00	20378.00
839.00	20475.00
840.00	20652.00
841.00	20447.00
842.00	20887.00
843.00	20695.00
844.00	20592.00
845.00	20885.00
846.00	20825.00
847.00	20689.00
848.00	20752.00
849.00	21170.00
850.00	20978.00
851.00	21095.00
852.00	21088.00
853.00	21324.00
854.00	21593.00
855.00	21021.00
856.00	21416.00
857.00	21104.00
858.00	21190.00
859.00	21464.00
860.00	21246.00
861.00	20947.00
862.00	21194.00
863.00	21172.00
864.00	21223.00
865.00	21421.00
866.00	21083.00
867.00	21302.00
868.00	21384.00
869.00	21278.00
870.00	21181.00
871.00	21278.00
872.00	21331.00
873.00	21585.00
874.00	21442.00
875.00	21753.00
876.00	21514.00
877.00	21720.00
878.00	21717.00
879.00	21856.00
880.00	21935.00
881.00	22173.00
882.00	22073.00
883.00	22312.00
884.00	22106.00
885.00	22397.00
886.00	22360.00
887.00	22672.00
888.00	22883.00
889.00	23325.00
890.00	23146.00
891.00	23806.00
892.00	24137.00
893.00	24740.00
894.00	24883.00
895.00	25406.00
896.00	25660.00
897.00	26450.00
898.00	26430.00
899.00	27114.00
900.00	27680.00
901.00	27738.00
902.00	28090.00
903.00	28243.00
904.00	28376.00
905.00	28817.00
906.00	29043.00
907.00	29159.00
908.00	29533.00
909.00	29594.00
910.00	30459.00
911.00	30835.00
912.00	31199.00
913.00	32147.00
914.00	32849.00
915.00	33396.00
916.00	35137.00
917.00	36094.00
918.00	37682.00
919.00	39431.00
920.00	41307.00
921.00	43140.00
922.00	44922.00
923.00	47171.00
924.00	50327.00
925.00	52964.00
926.00	55779.00
927.00	58794.00
928.00	61554.00
929.00	65070.00
930.00	68482.00
931.00	71589.00
932.00	74597.00
933.00	77354.00
934.00	80546.00
935.00	82999.00
936.00	85394.00
937.00	86826.00
938.00	89121.00
939.00	90647.00
940.00	91048.00
941.00	91673.00
942.00	90864.00
943.00	90898.00
944.00	90202.00
945.00	88587.00
946.00	86643.00
947.00	84297.00
948.00	82288.00
949.00	79650.00
950.00	76731.00
951.00	73811.00
952.00	70387.00
953.00	67025.00
954.00	64004.00
955.00	60461.00
956.00	57362.00
957.00	54518.00
958.00	51124.00
959.00	47997.00
960.00	45417.00
961.00	42877.00
962.00	40554.00
963.00	37898.00
964.00	36185.00
965.00	34184.00
966.00	32215.00
967.00	30920.00
968.00	29691.00
969.00	28151.00
970.00	27073.00
971.00	25811.00
972.00	24899.00
973.00	23885.00
974.00	23078.00
975.00	22845.00
976.00	22190.00
977.00	21797.00
978.00	21580.00
979.00	21524.00
980.00	21337.00
981.00	21388.00
982.00	21691.00
983.00	22381.00
984.00	23018.00
985.00	24093.00
986.00	25465.00
987.00	27014.00
988.00	28578.00
989.00	30439.00
990.00	32699.00
991.00	34862.00
992.00	36790.00
993.00	38816.00
994.00	40086.00
995.00	41817.00
996.00	42606.00
997.00	43013.00
998.00	42456.00
999.00	41593.00
1000.00	40440.00
1001.00	38026.00
1002.00	35966.00
1003.00	33531.00
1004.00	31151.00
1005.00	28662.00
1006.00	26224.00
1007.00	23967.00
1008.00	22414.00
1009.00	20449.00
1010.00	19229.00
1011.00	18380.00
1012.00	17489.00
1013.00	17000.00
1014.00	16773.00
1015.00	16050.00
1016.00	16003.00
1017.00	15734.00
1018.00	15803.00
1019.00	15889.00
1020.00	16114.00
1021.00	15709.00
1022.00	15988.00
1023.00	15896.00
1024.00	16102.00
