\\Mac\Home\Documents\Steve\23-10_Manchester2_Mo\Marion\MI1I_rep1\XRF data     26/02/2025  re-evaluated data
peakarea
filename	position (mm)	sample surface	validity	E-gain	E-offset	F-slope	F-offset	cps	MSE	Mg	Al	Si	P	S	Cl	Ar	K	Ca	Ti	V	Cr	Mn	Fe	Co	Ni	Cu	Zn	As	Se	Br	Rb	Sr	Y	Zr	Sn	I	Cs	Ba	Ta	W	Ir	Pt	Au	Hg	Pb	Th	U	Fe a*2	Fe a+b	Fe X1	Fe X2	Fe X3	W La	W Lb1	W lb2	W La in	W Lb1 in	W Lb2 in	Mo inc	Mo coh	Dt	
\\Mac\Home\Documents\Steve\23-10_Manchester2_Mo\Marion\MI1I_rep1\XRF data\L000000.spe	564.00	5.46	0	0.017526	-0.012928	0.010011	0.091030	25465	2.24	22	42	25	14	0	0	190	0	0	0	14	0	8	35	0	146	16	0	91	44	317	0	82	163	0	5	0	0	0	0	0	12	164	114	0	0	5	0	0	0	11	19	32	232	101	140	13	0	0	40422	5991	0.296	
\\Mac\Home\Documents\Steve\23-10_Manchester2_Mo\Marion\MI1I_rep1\XRF data\L000001.spe	565.00	5.48	0	0.017526	-0.012928	0.010011	0.091030	27576	1.73	20	43	10	4	0	0	192	0	0	11	0	0	6	36	10	133	15	0	157	73	308	0	13	196	0	0	0	0	0	11	77	38	63	0	44	0	0	0	0	245	0	6	10	0	0	0	0	0	0	43373	6261	0.302	
\\Mac\Home\Documents\Steve\23-10_Manchester2_Mo\Marion\MI1I_rep1\XRF data\L000002.spe	566.00	5.48	0	0.017526	-0.012928	0.010011	0.091030	29689	1.75	17	36	6	0	0	0	202	0	12	4	0	22	0	52	0	178	5	0	128	16	269	0	62	161	0	0	0	0	0	60	98	0	66	0	0	0	0	0	0	0	0	0	38	0	14	0	0	0	0	44954	6431	0.307	
\\Mac\Home\Documents\Steve\23-10_Manchester2_Mo\Marion\MI1I_rep1\XRF data\L000003.spe	567.00	5.51	0	0.017526	-0.012928	0.010011	0.091030	31058	1.55	40	20	23	31	6	0	228	0	10	0	16	34	8	68	0	160	11	0	152	34	413	86	118	101	0	0	0	4	0	0	0	51	95	16	0	0	66	0	0	0	5	8	70	42	98	183	0	0	0	46455	6386	0.310	
\\Mac\Home\Documents\Steve\23-10_Manchester2_Mo\Marion\MI1I_rep1\XRF data\L000004.spe	568.00	5.51	0	0.017526	-0.012928	0.010011	0.091030	33412	3.66	37	25	15	0	0	0	186	0	25	28	13	16	0	221	10	144	0	0	167	0	260	0	0	14	0	0	0	7	0	113	720	70	98	0	0	0	67	0	27	158	0	0	7	0	0	0	0	0	0	48296	6796	0.315	
\\Mac\Home\Documents\Steve\23-10_Manchester2_Mo\Marion\MI1I_rep1\XRF data\L000005.spe	569.00	5.51	0	0.017526	-0.012928	0.010011	0.091030	36597	2.18	48	74	35	32	0	0	216	8	21	23	19	18	13	500	0	182	18	0	0	34	479	113	115	117	0	0	8	0	14	70	0	41	0	0	0	69	138	0	0	0	0	0	71	644	584	301	16	0	200	50323	6984	0.318	
\\Mac\Home\Documents\Steve\23-10_Manchester2_Mo\Marion\MI1I_rep1\XRF data\L000006.spe	570.00	5.51	0	0.017526	-0.012928	0.010011	0.091030	37440	1.64	47	33	11	9	6	0	219	0	27	74	0	7	0	819	18	174	0	0	89	105	457	0	0	66	0	0	0	23	0	43	0	0	0	0	14	0	0	0	0	30	0	0	0	344	456	134	78	10	126	49868	7295	0.318	
\\Mac\Home\Documents\Steve\23-10_Manchester2_Mo\Marion\MI1I_rep1\XRF data\L000007.spe	571.00	5.52	0	0.017526	-0.012928	0.010011	0.091030	40053	2.19	18	47	9	0	0	0	170	0	45	114	8	21	8	1224	8	126	69	0	34	0	423	243	180	65	0	0	0	0	0	39	861	122	97	26	109	0	0	225	74	0	0	0	24	0	0	0	0	0	0	51676	7486	0.323	
\\Mac\Home\Documents\Steve\23-10_Manchester2_Mo\Marion\MI1I_rep1\XRF data\L000008.spe	572.00	5.52	0	0.017526	-0.012928	0.010011	0.091030	46356	1.22	0	20	0	9	0	0	164	10	96	277	0	19	5	2550	139	182	126	8	13	0	717	129	122	91	0	0	14	11	17	0	0	0	69	35	89	139	131	0	0	0	0	9	0	406	459	19	194	198	71	56318	7956	0.334	
\\Mac\Home\Documents\Steve\23-10_Manchester2_Mo\Marion\MI1I_rep1\XRF data\L000009.spe	573.00	5.53	0	0.017526	-0.012928	0.010011	0.091030	47992	1.41	0	13	18	14	0	12	169	0	81	379	53	5	11	3048	0	122	42	0	87	22	619	0	140	101	181	17	0	14	0	95	593	0	0	0	115	0	45	0	90	139	0	40	162	0	0	0	40	59	164	55710	8200	0.338	
\\Mac\Home\Documents\Steve\23-10_Manchester2_Mo\Marion\MI1I_rep1\XRF data\L000010.spe	574.00	5.53	1	0.017526	-0.012928	0.010011	0.091030	49391	1.51	65	53	35	25	0	0	104	0	129	428	0	30	0	3488	0	123	116	31	61	0	723	185	0	0	190	0	0	15	21	0	504	0	0	0	0	0	0	0	182	32	28	0	215	0	31	147	187	308	195	57611	8521	0.341	
\\Mac\Home\Documents\Steve\23-10_Manchester2_Mo\Marion\MI1I_rep1\XRF data\L000011.spe	575.00	5.62	1	0.017526	-0.012928	0.010011	0.091030	50311	1.30	16	55	10	19	0	0	118	0	107	694	27	0	0	4575	0	141	60	0	0	0	669	107	355	86	228	5	8	6	27	56	98	28	0	0	241	131	0	0	41	6	11	0	291	0	207	0	0	87	71	57323	8876	0.341	
\\Mac\Home\Documents\Steve\23-10_Manchester2_Mo\Marion\MI1I_rep1\XRF data\L000012.spe	576.00	5.66	1	0.017526	-0.012928	0.010011	0.091030	52051	1.15	0	25	9	7	0	0	156	0	155	818	0	33	9	5347	27	152	61	53	0	0	1057	0	287	101	188	10	0	34	51	120	66	0	0	11	0	126	161	37	70	164	22	43	66	105	139	388	21	116	67	58715	8571	0.345	
\\Mac\Home\Documents\Steve\23-10_Manchester2_Mo\Marion\MI1I_rep1\XRF data\L000013.spe	577.00	5.71	1	0.017526	-0.012928	0.010011	0.091030	53217	1.25	11	59	12	8	0	0	146	0	111	1012	18	0	10	6073	41	79	82	8	49	34	1091	0	258	88	389	0	7	6	10	67	11	0	0	37	0	0	0	0	157	144	0	53	158	105	147	165	73	131	94	58735	8885	0.347	
\\Mac\Home\Documents\Steve\23-10_Manchester2_Mo\Marion\MI1I_rep1\XRF data\L000014.spe	578.00	5.73	1	0.017526	-0.012928	0.010011	0.091030	55237	1.17	35	30	11	0	14	0	161	5	161	1023	44	12	9	5876	68	191	119	39	0	0	1158	101	245	0	259	15	0	6	21	0	25	0	0	0	0	215	177	28	0	0	0	50	177	107	246	230	263	257	238	61585	8761	0.352	
\\Mac\Home\Documents\Steve\23-10_Manchester2_Mo\Marion\MI1I_rep1\XRF data\L000015.spe	579.00	5.75	1	0.017526	-0.012928	0.010011	0.091030	57444	1.40	0	41	18	18	0	0	143	0	158	1147	72	0	12	6976	151	132	142	43	0	0	1065	140	285	0	178	17	0	8	0	92	298	0	17	0	0	53	0	131	0	0	0	93	14	0	79	250	108	170	8	61915	9324	0.357	
\\Mac\Home\Documents\Steve\23-10_Manchester2_Mo\Marion\MI1I_rep1\XRF data\L000016.spe	580.00	5.78	1	0.017526	-0.012928	0.010011	0.091030	58132	1.59	14	33	9	13	0	0	127	17	167	769	16	27	0	7018	67	141	70	25	0	0	1036	207	457	34	53	0	10	8	0	107	881	0	0	0	104	264	122	0	0	0	0	50	234	0	0	0	71	109	0	63044	9198	0.358	
\\Mac\Home\Documents\Steve\23-10_Manchester2_Mo\Marion\MI1I_rep1\XRF data\L000017.spe	581.00	5.78	1	0.017526	-0.012928	0.010011	0.091030	61912	1.64	17	17	29	0	7	0	128	0	122	694	0	17	0	6705	0	133	150	11	0	0	859	392	328	127	296	0	0	9	43	186	927	32	0	0	272	103	234	30	0	0	0	74	292	0	0	0	0	193	155	65971	9420	0.367	
\\Mac\Home\Documents\Steve\23-10_Manchester2_Mo\Marion\MI1I_rep1\XRF data\L000018.spe	582.00	5.81	1	0.017526	-0.012928	0.010011	0.091030	60569	1.34	0	0	9	0	0	0	131	0	139	673	13	22	0	5397	13	238	105	26	0	71	1231	157	360	0	53	0	0	6	37	110	18	0	0	0	0	0	149	0	41	103	0	0	114	220	340	716	31	241	497	64775	8948	0.364	
\\Mac\Home\Documents\Steve\23-10_Manchester2_Mo\Marion\MI1I_rep1\XRF data\L000019.spe	583.00	5.80	1	0.017526	-0.012928	0.010011	0.091030	62136	1.21	42	67	10	21	20	0	151	8	214	873	22	0	17	7208	128	175	100	48	72	40	1328	0	180	32	92	0	0	19	18	34	152	136	0	0	0	0	60	0	47	100	0	46	23	106	299	471	241	90	470	65625	9506	0.366	
\\Mac\Home\Documents\Steve\23-10_Manchester2_Mo\Marion\MI1I_rep1\XRF data\L000020.spe	584.00	5.80	1	0.017526	-0.012928	0.010011	0.091030	62212	1.35	26	17	0	0	9	0	147	0	167	950	0	34	0	8420	327	159	75	9	20	0	1358	0	398	85	236	14	6	0	27	0	0	16	0	0	0	0	255	0	0	277	0	72	0	132	436	396	195	189	302	64682	9577	0.366	
\\Mac\Home\Documents\Steve\23-10_Manchester2_Mo\Marion\MI1I_rep1\XRF data\L000021.spe	585.00	5.81	1	0.017526	-0.012928	0.010011	0.091030	60594	1.30	28	9	7	0	23	0	179	13	149	759	17	11	0	6498	0	157	97	25	154	0	1268	113	135	0	159	0	0	0	32	59	433	59	109	0	0	0	41	0	0	0	0	36	235	0	196	433	164	169	91	64874	9756	0.363	
\\Mac\Home\Documents\Steve\23-10_Manchester2_Mo\Marion\MI1I_rep1\XRF data\L000022.spe	586.00	5.82	1	0.017526	-0.012928	0.010011	0.091030	61128	1.36	16	59	16	0	0	0	167	7	211	715	27	8	0	8369	212	112	67	25	0	0	1340	0	243	102	373	0	0	8	23	61	337	0	0	0	0	0	16	46	186	147	0	75	0	0	176	378	124	121	185	64633	9467	0.364	
\\Mac\Home\Documents\Steve\23-10_Manchester2_Mo\Marion\MI1I_rep1\XRF data\L000023.spe	587.00	5.81	1	0.017526	-0.012928	0.010011	0.091030	62261	1.68	0	41	0	0	0	0	126	0	137	743	10	0	0	7352	77	99	33	11	39	0	1144	89	245	15	229	18	0	0	0	201	879	178	31	0	19	0	0	24	112	0	0	71	118	0	0	0	78	0	198	65760	9616	0.370	
\\Mac\Home\Documents\Steve\23-10_Manchester2_Mo\Marion\MI1I_rep1\XRF data\L000024.spe	588.00	5.82	1	0.017526	-0.012928	0.010011	0.091030	63007	1.26	7	41	6	0	5	5	127	26	172	924	4	11	0	7987	166	150	100	30	0	0	1252	74	364	0	139	17	0	0	6	39	29	0	0	0	0	188	0	0	30	0	0	14	0	179	305	321	200	170	235	65795	9549	0.369	
\\Mac\Home\Documents\Steve\23-10_Manchester2_Mo\Marion\MI1I_rep1\XRF data\L000025.spe	589.00	5.81	1	0.017526	-0.012928	0.010011	0.091030	63439	1.71	28	55	17	0	0	0	132	0	205	1039	22	0	0	9574	283	195	101	97	0	6	1414	212	293	13	38	0	0	25	12	0	0	0	0	0	0	131	21	0	24	0	0	102	0	503	850	634	270	260	295	66429	9906	0.369	
\\Mac\Home\Documents\Steve\23-10_Manchester2_Mo\Marion\MI1I_rep1\XRF data\L000026.spe	590.00	5.82	1	0.017526	-0.012928	0.010011	0.091030	62885	1.47	0	25	4	7	7	0	159	18	169	982	9	13	0	9655	100	165	47	99	0	0	1001	161	291	7	63	7	0	6	30	79	590	71	0	0	146	0	173	143	0	0	0	68	83	0	0	0	46	72	373	66361	9253	0.369	
\\Mac\Home\Documents\Steve\23-10_Manchester2_Mo\Marion\MI1I_rep1\XRF data\L000027.spe	591.00	5.82	1	0.017526	-0.012928	0.010011	0.091030	63127	1.46	18	8	13	12	0	24	139	18	177	983	40	0	0	9183	266	137	129	20	120	0	1265	9	261	0	62	0	0	23	8	21	396	35	40	33	0	0	0	169	108	0	0	94	0	0	0	356	139	192	269	66408	9531	0.368	
\\Mac\Home\Documents\Steve\23-10_Manchester2_Mo\Marion\MI1I_rep1\XRF data\L000028.spe	592.00	5.81	1	0.017526	-0.012928	0.010011	0.091030	64446	1.54	31	27	0	6	17	0	145	13	189	1078	40	0	0	9493	0	100	119	0	0	0	1526	27	355	116	154	0	0	14	0	0	428	0	62	62	0	160	137	0	0	0	54	0	201	0	0	761	194	256	104	66677	9790	0.372	
\\Mac\Home\Documents\Steve\23-10_Manchester2_Mo\Marion\MI1I_rep1\XRF data\L000029.spe	593.00	5.82	1	0.017526	-0.012928	0.010011	0.091030	63388	1.81	30	31	22	36	21	0	134	11	227	1352	0	0	0	10697	34	134	54	20	20	86	1070	200	344	0	112	0	0	14	27	154	0	26	0	0	0	0	333	0	0	0	0	7	137	807	829	418	32	58	343	65466	9641	0.370	
\\Mac\Home\Documents\Steve\23-10_Manchester2_Mo\Marion\MI1I_rep1\XRF data\L000030.spe	594.00	5.84	1	0.017526	-0.012928	0.010011	0.091030	61987	1.43	5	0	17	0	12	0	117	0	243	1378	35	51	0	10020	122	180	41	33	0	13	1358	15	310	165	223	14	0	19	22	37	184	61	84	0	0	69	120	0	4	209	20	98	0	0	108	593	152	75	64	66085	9746	0.367	
\\Mac\Home\Documents\Steve\23-10_Manchester2_Mo\Marion\MI1I_rep1\XRF data\L000031.spe	595.00	5.82	1	0.017526	-0.012928	0.010011	0.091030	63478	1.74	42	29	35	33	0	16	159	0	216	1281	48	0	0	10235	191	149	124	0	0	0	1108	18	183	0	200	12	0	19	29	0	837	0	0	0	221	146	142	0	0	201	0	44	0	0	0	0	149	394	232	66560	9899	0.371	
\\Mac\Home\Documents\Steve\23-10_Manchester2_Mo\Marion\MI1I_rep1\XRF data\L000032.spe	596.00	5.82	1	0.017526	-0.012928	0.010011	0.091030	63799	1.46	25	51	8	10	17	0	149	0	192	1396	59	0	0	9876	188	100	134	15	0	0	1372	156	435	190	0	12	0	20	28	0	474	50	19	0	0	0	141	0	28	302	0	58	0	0	113	488	207	159	77	66992	9593	0.370	
\\Mac\Home\Documents\Steve\23-10_Manchester2_Mo\Marion\MI1I_rep1\XRF data\L000033.spe	597.00	5.82	1	0.017526	-0.012928	0.010011	0.091030	63173	2.50	17	17	0	0	7	0	136	0	177	1297	34	12	0	10099	111	143	28	0	6	0	1378	0	183	163	41	0	0	18	29	280	1345	0	0	0	0	0	214	0	0	189	0	91	80	0	0	208	0	0	141	66560	9878	0.369	
\\Mac\Home\Documents\Steve\23-10_Manchester2_Mo\Marion\MI1I_rep1\XRF data\L000034.spe	598.00	5.82	1	0.017526	-0.012928	0.010011	0.091030	64662	1.40	0	33	0	0	6	0	140	0	290	1300	5	7	26	10612	253	145	92	26	0	13	1133	83	205	51	143	19	0	21	15	239	114	63	0	92	0	177	139	0	0	41	0	69	0	104	150	397	7	0	312	66812	9626	0.373	
\\Mac\Home\Documents\Steve\23-10_Manchester2_Mo\Marion\MI1I_rep1\XRF data\L000035.spe	599.00	5.80	1	0.017526	-0.012928	0.010011	0.091030	63638	1.34	14	28	6	17	17	4	137	5	200	1048	38	0	8	8480	225	190	165	53	101	70	920	121	181	0	0	8	0	11	22	0	275	72	0	0	0	0	0	0	223	0	0	48	0	0	178	0	212	299	390	66590	9656	0.370	
\\Mac\Home\Documents\Steve\23-10_Manchester2_Mo\Marion\MI1I_rep1\XRF data\L000036.spe	600.00	5.82	1	0.017526	-0.012928	0.010011	0.091030	62472	1.30	0	54	0	33	0	11	189	23	247	1107	40	0	5	8294	151	135	113	0	234	0	1055	52	153	0	0	0	0	15	0	0	24	0	50	83	0	0	138	9	0	0	0	9	0	144	143	494	335	174	267	67205	9476	0.369	
\\Mac\Home\Documents\Steve\23-10_Manchester2_Mo\Marion\MI1I_rep1\XRF data\L000037.spe	601.00	5.79	1	0.017526	-0.012928	0.010011	0.091030	63216	2.58	6	55	0	24	23	0	176	21	213	1031	0	19	0	8151	76	130	74	32	223	0	1154	0	76	0	221	0	0	17	11	32	1439	0	283	0	0	0	0	0	0	0	0	56	93	0	0	188	37	137	0	66206	9346	0.371	
\\Mac\Home\Documents\Steve\23-10_Manchester2_Mo\Marion\MI1I_rep1\XRF data\L000038.spe	602.00	5.79	1	0.017526	-0.012928	0.010011	0.091030	62202	1.26	17	26	6	28	15	9	177	28	204	1003	19	34	0	8083	51	152	59	0	0	0	1039	0	396	34	106	11	0	26	26	179	0	27	224	55	0	260	83	0	26	78	61	46	25	133	240	234	0	48	0	66352	9366	0.369	
\\Mac\Home\Documents\Steve\23-10_Manchester2_Mo\Marion\MI1I_rep1\XRF data\L000039.spe	603.00	5.79	1	0.017526	-0.012928	0.010011	0.091030	62196	1.45	27	28	0	24	28	0	157	29	198	1128	15	32	0	8561	207	128	167	20	0	13	1100	115	210	72	54	0	0	6	35	58	186	22	0	0	0	107	47	46	182	0	35	94	0	0	184	78	75	156	280	66584	9384	0.370	
\\Mac\Home\Documents\Steve\23-10_Manchester2_Mo\Marion\MI1I_rep1\XRF data\L000040.spe	604.00	5.77	1	0.017526	-0.012928	0.010011	0.091030	63941	1.35	0	29	0	9	13	0	141	0	211	1176	26	0	0	9521	152	137	60	27	77	34	1007	14	134	69	0	0	0	24	0	82	70	45	15	29	62	48	101	116	35	159	0	56	13	86	103	94	63	8	251	67385	9435	0.371	
\\Mac\Home\Documents\Steve\23-10_Manchester2_Mo\Marion\MI1I_rep1\XRF data\L000041.spe	605.00	5.79	1	0.017526	-0.012928	0.010011	0.091030	62855	1.32	0	50	13	28	21	0	146	16	158	976	19	0	0	8586	177	158	55	0	0	0	990	6	148	52	150	0	0	0	13	156	321	31	122	0	0	10	0	0	0	72	0	44	0	0	40	249	91	92	0	67384	9857	0.371	
\\Mac\Home\Documents\Steve\23-10_Manchester2_Mo\Marion\MI1I_rep1\XRF data\L000042.spe	606.00	5.77	1	0.017526	-0.012928	0.010011	0.091030	64282	1.36	0	19	21	20	29	0	137	0	133	914	11	0	16	8248	275	233	148	82	0	0	987	226	245	51	0	18	0	5	14	27	0	0	0	48	0	10	210	34	0	0	0	93	0	217	323	326	117	397	377	69076	9901	0.373	
\\Mac\Home\Documents\Steve\23-10_Manchester2_Mo\Marion\MI1I_rep1\XRF data\L000043.spe	607.00	5.79	1	0.017526	-0.012928	0.010011	0.091030	62920	1.23	6	31	5	7	0	0	132	6	113	684	20	0	0	6553	71	123	79	40	82	32	675	0	119	0	0	9	0	20	0	95	0	82	88	11	261	18	0	0	53	25	0	0	53	194	428	0	80	85	69	67845	9730	0.372	
\\Mac\Home\Documents\Steve\23-10_Manchester2_Mo\Marion\MI1I_rep1\XRF data\L000044.spe	608.00	5.79	1	0.017526	-0.012928	0.010011	0.091030	63634	1.17	6	18	0	8	0	0	137	0	133	667	0	18	0	6078	0	146	115	83	103	85	815	125	103	121	0	15	0	15	14	67	0	0	0	0	18	0	0	28	92	103	0	30	107	263	417	147	259	181	426	68848	9534	0.374	
\\Mac\Home\Documents\Steve\23-10_Manchester2_Mo\Marion\MI1I_rep1\XRF data\L000045.spe	609.00	5.80	1	0.017526	-0.012928	0.010011	0.091030	64387	1.82	46	64	14	30	0	0	159	5	128	676	40	12	0	6382	89	176	121	38	15	0	805	52	349	30	64	9	0	0	0	0	978	11	0	0	0	0	0	282	17	0	0	64	0	0	0	0	268	299	478	69267	9979	0.375	
\\Mac\Home\Documents\Steve\23-10_Manchester2_Mo\Marion\MI1I_rep1\XRF data\L000046.spe	610.00	5.78	1	0.017526	-0.012928	0.010011	0.091030	65787	1.27	18	38	0	30	17	0	130	14	194	766	10	12	0	7062	64	169	56	51	6	0	879	7	69	65	53	23	11	8	23	59	561	9	44	0	0	0	27	83	8	0	0	42	39	0	0	203	145	141	98	70015	9487	0.378	
\\Mac\Home\Documents\Steve\23-10_Manchester2_Mo\Marion\MI1I_rep1\XRF data\L000047.spe	611.00	5.81	1	0.017526	-0.012928	0.010011	0.091030	65269	1.49	27	18	15	0	29	0	163	12	206	888	37	0	24	8044	129	176	94	0	0	0	809	82	191	151	44	0	8	0	38	146	737	46	0	0	0	0	124	107	0	0	0	54	0	0	0	108	0	73	336	69220	9905	0.376	
\\Mac\Home\Documents\Steve\23-10_Manchester2_Mo\Marion\MI1I_rep1\XRF data\L000048.spe	612.00	5.79	1	0.017526	-0.012928	0.010011	0.091030	65392	1.66	20	24	26	12	0	0	149	0	127	787	34	19	0	7900	27	138	84	139	0	0	896	0	269	198	90	16	0	6	8	91	923	56	112	0	0	0	0	91	0	112	0	72	138	0	0	118	177	111	105	68987	9847	0.376	