\\Mac\Home\Documents\Steve\23-10_Manchester2_Mo\Campbell\MST1A__rep1\XRF data     26/02/2025  re-evaluated data
peakarea
filename	position (mm)	sample surface	validity	E-gain	E-offset	F-slope	F-offset	cps	MSE	Mg	Al	Si	P	S	Cl	Ar	K	Ca	Ti	V	Cr	Mn	Fe	Co	Ni	Cu	Zn	As	Se	Br	Rb	Sr	Y	Zr	Sn	I	Cs	Ba	Ta	W	Ir	Pt	Au	Hg	Pb	Th	U	Fe a*2	Fe a+b	Fe X1	Fe X2	Fe X3	W La	W Lb1	W lb2	W La in	W Lb1 in	W Lb2 in	Mo inc	Mo coh	Dt	
\\Mac\Home\Documents\Steve\23-10_Manchester2_Mo\Campbell\MST1A__rep1\XRF data\L000000.spe	176.00	5.46	1	0.017526	-0.012928	0.010011	0.091030	62944	1.28	26	0	0	0	0	0	126	0	142	49	0	10	8	328	41	177	82	0	0	0	3215	139	295	0	0	0	0	0	0	29	608	35	83	0	0	59	120	0	21	41	0	20	0	0	0	198	85	71	113	72125	9601	0.373	
\\Mac\Home\Documents\Steve\23-10_Manchester2_Mo\Campbell\MST1A__rep1\XRF data\L000001.spe	177.00	5.52	1	0.017526	-0.012928	0.010011	0.091030	63751	1.24	19	25	14	0	4	0	171	12	187	25	0	41	0	361	20	188	158	60	43	0	3239	19	279	31	0	14	9	11	7	0	159	0	0	0	0	34	190	14	0	0	0	41	0	0	265	476	338	447	562	72040	9783	0.375	
\\Mac\Home\Documents\Steve\23-10_Manchester2_Mo\Campbell\MST1A__rep1\XRF data\L000002.spe	178.00	5.55	1	0.017526	-0.012928	0.010011	0.091030	63345	2.00	0	20	13	0	13	0	154	15	185	10	0	12	0	440	185	189	169	0	0	137	2836	0	267	41	0	26	0	11	0	0	0	32	0	67	0	208	196	0	0	212	0	0	0	997	936	698	280	316	506	71218	9498	0.371	
\\Mac\Home\Documents\Steve\23-10_Manchester2_Mo\Campbell\MST1A__rep1\XRF data\L000003.spe	179.00	5.60	1	0.017526	-0.012928	0.010011	0.091030	54852	1.27	51	31	0	4	33	0	187	10	174	26	10	0	0	255	0	204	154	36	0	28	2565	250	280	7	0	13	0	0	0	0	0	12	0	214	0	76	7	68	53	0	0	0	78	292	56	599	190	94	232	67500	9033	0.355	
\\Mac\Home\Documents\Steve\23-10_Manchester2_Mo\Campbell\MST1A__rep1\XRF data\L000004.spe	180.00	5.52	1	0.017526	-0.012928	0.010011	0.091030	58789	1.51	0	41	15	7	0	0	169	12	206	17	12	42	0	287	132	181	79	5	131	0	2995	66	329	140	0	16	14	16	9	0	553	0	176	0	0	0	24	0	0	50	0	0	0	0	0	227	246	194	34	68836	9661	0.365	
\\Mac\Home\Documents\Steve\23-10_Manchester2_Mo\Campbell\MST1A__rep1\XRF data\L000005.spe	181.00	5.48	1	0.017526	-0.012928	0.010011	0.091030	62383	1.20	11	18	25	22	23	0	193	10	215	64	0	7	0	274	0	171	106	0	0	0	3378	122	124	0	0	0	11	8	0	33	65	0	0	0	0	80	62	111	0	0	0	0	106	31	252	580	154	41	260	70173	9563	0.372	
\\Mac\Home\Documents\Steve\23-10_Manchester2_Mo\Campbell\MST1A__rep1\XRF data\L000006.spe	182.00	5.49	1	0.017526	-0.012928	0.010011	0.091030	63727	1.20	0	43	30	0	0	0	178	28	245	44	0	23	0	279	56	209	127	0	0	0	3500	273	152	0	59	0	18	0	0	50	97	0	0	0	0	171	73	112	0	0	0	0	0	69	268	455	176	207	343	70432	9571	0.377	
\\Mac\Home\Documents\Steve\23-10_Manchester2_Mo\Campbell\MST1A__rep1\XRF data\L000007.spe	183.00	5.48	1	0.017526	-0.012928	0.010011	0.091030	64072	1.34	23	34	8	31	0	0	166	17	231	4	0	46	8	230	73	153	103	22	0	0	3902	205	230	45	0	0	4	0	21	52	12	0	0	0	0	8	0	0	167	60	0	0	0	107	301	719	205	103	340	70661	9872	0.375	
\\Mac\Home\Documents\Steve\23-10_Manchester2_Mo\Campbell\MST1A__rep1\XRF data\L000008.spe	184.00	5.49	1	0.017526	-0.012928	0.010011	0.091030	62254	1.15	0	27	6	0	10	0	161	8	242	37	0	21	0	187	0	211	100	61	0	0	3521	197	244	0	0	0	0	0	0	77	570	96	0	70	0	216	170	76	0	0	50	0	148	0	0	176	152	170	294	70033	9524	0.372	
\\Mac\Home\Documents\Steve\23-10_Manchester2_Mo\Campbell\MST1A__rep1\XRF data\L000009.spe	185.00	5.49	1	0.017526	-0.012928	0.010011	0.091030	62517	1.29	7	47	0	34	29	0	173	37	246	24	16	0	0	151	27	191	7	64	74	0	3300	287	163	0	0	0	5	0	0	232	601	0	23	0	36	0	0	0	123	0	0	0	0	0	0	0	0	119	0	69838	9269	0.373	
\\Mac\Home\Documents\Steve\23-10_Manchester2_Mo\Campbell\MST1A__rep1\XRF data\L000010.spe	186.00	5.49	1	0.017526	-0.012928	0.010011	0.091030	61320	1.59	0	28	0	0	0	5	189	0	225	24	9	10	7	149	107	248	104	0	95	0	3735	69	191	234	0	11	0	0	0	144	0	0	0	21	0	0	13	0	66	188	0	0	0	273	339	1007	99	126	445	69620	9542	0.371	
\\Mac\Home\Documents\Steve\23-10_Manchester2_Mo\Campbell\MST1A__rep1\XRF data\L000011.spe	187.00	5.48	1	0.017526	-0.012928	0.010011	0.091030	64874	1.28	8	45	0	0	8	0	159	0	168	22	0	18	4	176	68	220	171	44	36	0	3574	265	95	0	0	8	0	0	0	0	0	0	0	21	0	20	11	0	0	0	0	0	0	355	423	591	377	355	503	71922	9611	0.381	
\\Mac\Home\Documents\Steve\23-10_Manchester2_Mo\Campbell\MST1A__rep1\XRF data\L000012.spe	188.00	5.48	1	0.017526	-0.012928	0.010011	0.091030	65648	1.50	0	9	0	5	0	0	125	0	148	41	10	13	0	201	106	137	136	39	14	0	3508	124	363	0	0	6	8	8	0	0	837	0	76	0	0	0	0	55	10	0	0	42	0	0	0	323	92	167	148	72906	9762	0.382	
\\Mac\Home\Documents\Steve\23-10_Manchester2_Mo\Campbell\MST1A__rep1\XRF data\L000013.spe	189.00	5.49	1	0.017526	-0.012928	0.010011	0.091030	66167	1.24	13	58	0	0	5	0	126	0	165	39	11	23	0	178	0	184	90	22	0	0	3345	62	269	0	0	0	6	0	0	0	0	32	0	82	0	30	157	75	91	0	0	0	113	127	334	741	352	201	354	73056	9909	0.382	
\\Mac\Home\Documents\Steve\23-10_Manchester2_Mo\Campbell\MST1A__rep1\XRF data\L000014.spe	190.00	5.50	1	0.017526	-0.012928	0.010011	0.091030	64699	1.21	31	6	23	0	0	0	166	24	194	60	0	0	0	190	12	234	125	5	0	0	3157	148	244	26	12	0	4	0	0	0	0	0	0	0	0	147	0	0	45	21	0	0	0	445	765	528	343	289	194	71040	9395	0.378	
\\Mac\Home\Documents\Steve\23-10_Manchester2_Mo\Campbell\MST1A__rep1\XRF data\L000015.spe	191.00	5.47	1	0.017526	-0.012928	0.010011	0.091030	64410	1.05	29	26	21	11	27	6	135	0	195	26	0	24	0	141	77	169	93	34	0	0	2980	260	218	88	0	19	15	0	18	0	0	0	0	32	0	74	17	0	20	0	0	0	0	305	418	245	161	184	362	70834	9622	0.377	
\\Mac\Home\Documents\Steve\23-10_Manchester2_Mo\Campbell\MST1A__rep1\XRF data\L000016.spe	192.00	5.50	1	0.017526	-0.012928	0.010011	0.091030	61282	1.29	0	22	0	0	0	9	197	6	189	17	5	0	8	81	128	184	29	0	0	0	2741	262	14	0	0	7	0	12	0	188	394	0	0	0	0	28	0	139	0	0	0	0	0	0	0	329	21	69	182	70220	9558	0.373	
\\Mac\Home\Documents\Steve\23-10_Manchester2_Mo\Campbell\MST1A__rep1\XRF data\L000017.spe	193.00	5.49	1	0.017526	-0.012928	0.010011	0.091030	60682	1.20	14	0	0	0	17	0	204	0	184	42	0	25	0	168	55	204	62	0	138	0	2687	109	176	63	0	9	5	6	5	76	0	0	0	73	0	0	103	0	0	18	0	7	0	471	398	569	106	176	254	70085	9494	0.373	
\\Mac\Home\Documents\Steve\23-10_Manchester2_Mo\Campbell\MST1A__rep1\XRF data\L000018.spe	194.00	5.50	1	0.017526	-0.012928	0.010011	0.091030	61033	1.16	0	7	0	0	0	0	172	20	159	15	0	28	6	163	78	197	74	26	58	0	2642	300	137	46	0	5	14	12	9	0	0	36	133	60	0	57	120	0	0	0	0	0	0	210	238	553	119	84	108	69567	9462	0.373	
\\Mac\Home\Documents\Steve\23-10_Manchester2_Mo\Campbell\MST1A__rep1\XRF data\L000019.spe	195.00	5.49	1	0.017526	-0.012928	0.010011	0.091030	63805	1.25	0	13	0	0	12	0	146	0	154	25	0	9	0	229	139	196	88	0	134	0	2636	210	156	152	0	11	0	0	12	182	341	0	14	0	0	0	0	0	204	0	0	0	0	0	89	398	44	34	114	71527	10224	0.379	
\\Mac\Home\Documents\Steve\23-10_Manchester2_Mo\Campbell\MST1A__rep1\XRF data\L000020.spe	196.00	5.51	1	0.017526	-0.012928	0.010011	0.091030	62311	1.29	13	54	7	20	17	0	160	5	161	77	0	0	0	334	90	192	51	0	0	0	2546	175	72	6	0	0	10	0	0	88	0	0	0	0	0	186	0	89	0	0	0	19	0	279	428	688	81	30	210	70343	10030	0.376	
\\Mac\Home\Documents\Steve\23-10_Manchester2_Mo\Campbell\MST1A__rep1\XRF data\L000021.spe	197.00	5.54	1	0.017526	-0.012928	0.010011	0.091030	60897	1.79	0	0	0	0	0	0	166	32	130	34	13	0	0	213	0	217	28	48	78	0	2140	32	159	40	0	0	4	23	0	320	907	127	42	0	80	8	121	0	50	138	57	0	23	0	0	0	0	0	30	71136	9935	0.372	
\\Mac\Home\Documents\Steve\23-10_Manchester2_Mo\Campbell\MST1A__rep1\XRF data\L000022.spe	198.00	5.51	1	0.017526	-0.012928	0.010011	0.091030	64085	1.21	0	8	0	0	0	0	175	14	90	46	0	26	11	191	0	257	13	12	78	0	2444	125	217	119	0	13	0	12	0	5	0	0	71	0	0	0	430	0	0	30	0	0	0	471	553	309	248	152	143	70845	9280	0.381	
\\Mac\Home\Documents\Steve\23-10_Manchester2_Mo\Campbell\MST1A__rep1\XRF data\L000023.spe	199.00	5.50	1	0.017526	-0.012928	0.010011	0.091030	64693	1.14	41	75	17	14	20	0	173	0	155	0	0	0	0	202	66	218	137	13	94	0	2368	244	46	24	0	0	0	0	7	0	513	93	56	0	0	0	153	167	0	0	0	0	0	0	0	107	98	131	169	71452	9685	0.382	
\\Mac\Home\Documents\Steve\23-10_Manchester2_Mo\Campbell\MST1A__rep1\XRF data\L000024.spe	200.00	5.48	1	0.017526	-0.012928	0.010011	0.091030	65773	1.17	0	15	0	0	0	0	148	18	139	8	0	0	0	78	0	163	39	39	0	0	2263	155	195	22	0	7	23	0	17	21	414	0	0	0	45	21	17	0	0	156	21	0	69	0	87	110	247	242	510	72201	9921	0.384	
\\Mac\Home\Documents\Steve\23-10_Manchester2_Mo\Campbell\MST1A__rep1\XRF data\L000025.spe	201.00	5.49	1	0.017526	-0.012928	0.010011	0.091030	65190	1.60	29	35	25	8	9	0	148	0	130	49	0	0	15	41	83	252	123	70	0	0	2839	84	49	124	0	10	0	0	0	0	0	107	0	0	0	0	31	117	0	55	0	6	0	645	892	944	342	196	368	72574	9989	0.383	
\\Mac\Home\Documents\Steve\23-10_Manchester2_Mo\Campbell\MST1A__rep1\XRF data\L000026.spe	202.00	5.51	1	0.017526	-0.012928	0.010011	0.091030	64846	1.21	0	48	0	8	0	17	163	19	179	31	10	37	0	86	75	232	134	0	0	0	2804	20	249	77	0	5	14	0	0	0	0	0	0	0	0	40	115	0	0	40	0	0	0	333	607	642	216	226	194	73544	10159	0.381	
\\Mac\Home\Documents\Steve\23-10_Manchester2_Mo\Campbell\MST1A__rep1\XRF data\L000027.spe	203.00	5.51	1	0.017526	-0.012928	0.010011	0.091030	66398	3.97	20	26	7	47	10	0	138	19	144	29	0	8	0	102	59	151	67	47	0	0	2680	131	121	10	141	8	0	0	0	123	1985	17	0	0	0	228	150	123	44	0	0	0	0	0	0	0	95	74	243	72820	9957	0.385	
\\Mac\Home\Documents\Steve\23-10_Manchester2_Mo\Campbell\MST1A__rep1\XRF data\L000028.spe	204.00	5.50	1	0.017526	-0.012928	0.010011	0.091030	69720	1.72	0	41	0	0	18	21	166	4	194	63	19	0	0	73	0	185	12	0	0	0	2585	366	38	0	0	18	15	0	0	223	1078	0	0	0	0	0	224	0	16	0	0	0	0	0	0	163	0	161	553	74189	10325	0.391	
\\Mac\Home\Documents\Steve\23-10_Manchester2_Mo\Campbell\MST1A__rep1\XRF data\L000029.spe	205.00	5.50	1	0.017526	-0.012928	0.010011	0.091030	66721	1.22	0	15	0	0	0	0	165	18	185	63	0	0	24	71	104	139	93	0	0	0	2796	21	11	0	72	0	0	0	0	99	522	22	152	0	0	144	20	0	9	0	0	0	0	0	0	317	129	78	0	72428	10103	0.384	
\\Mac\Home\Documents\Steve\23-10_Manchester2_Mo\Campbell\MST1A__rep1\XRF data\L000030.spe	206.00	5.48	1	0.017526	-0.012928	0.010011	0.091030	65897	1.98	24	68	0	0	11	0	169	6	155	30	0	0	0	72	133	238	74	0	0	0	2630	206	25	0	0	6	0	0	0	0	0	0	0	0	0	143	245	0	0	0	0	29	0	1203	1314	701	332	153	490	72418	10298	0.385	
\\Mac\Home\Documents\Steve\23-10_Manchester2_Mo\Campbell\MST1A__rep1\XRF data\L000031.spe	207.00	5.47	1	0.017526	-0.012928	0.010011	0.091030	65673	1.24	33	39	0	4	9	31	142	12	152	30	0	0	11	31	0	229	24	54	72	68	2775	50	60	0	0	14	7	20	6	284	198	37	0	0	0	25	185	169	0	0	59	0	125	63	81	414	0	9	320	72110	9876	0.384	
\\Mac\Home\Documents\Steve\23-10_Manchester2_Mo\Campbell\MST1A__rep1\XRF data\L000032.spe	208.00	5.48	1	0.017526	-0.012928	0.010011	0.091030	67175	1.22	0	57	0	0	10	0	148	23	125	0	0	0	6	64	0	198	159	25	11	0	2855	119	172	103	114	17	0	10	15	102	575	8	0	0	0	0	166	0	0	145	20	0	47	0	36	455	72	100	233	72323	9976	0.388	
\\Mac\Home\Documents\Steve\23-10_Manchester2_Mo\Campbell\MST1A__rep1\XRF data\L000033.spe	209.00	5.49	1	0.017526	-0.012928	0.010011	0.091030	68905	1.33	0	0	12	19	0	0	124	0	144	5	11	29	0	51	83	208	53	22	0	87	2975	137	270	8	141	22	8	0	34	234	0	48	0	0	0	213	53	0	0	11	0	0	0	427	563	952	0	0	392	73502	10241	0.391	
\\Mac\Home\Documents\Steve\23-10_Manchester2_Mo\Campbell\MST1A__rep1\XRF data\L000034.spe	210.00	5.49	1	0.017526	-0.012928	0.010011	0.091030	69319	1.25	0	0	4	0	0	0	123	19	175	25	0	18	0	58	95	237	118	39	43	0	2873	4	195	0	0	0	0	5	18	26	109	9	0	0	0	28	0	0	228	177	0	0	0	143	340	720	276	206	288	74700	10145	0.392	
\\Mac\Home\Documents\Steve\23-10_Manchester2_Mo\Campbell\MST1A__rep1\XRF data\L000035.spe	211.00	5.51	1	0.017526	-0.012928	0.010011	0.091030	69372	1.35	25	29	25	20	17	0	138	0	136	0	0	10	0	40	218	188	99	69	0	0	2718	60	0	0	0	15	4	0	14	88	348	77	0	0	0	136	116	0	6	152	0	0	0	0	270	469	158	37	366	74641	10083	0.391	
\\Mac\Home\Documents\Steve\23-10_Manchester2_Mo\Campbell\MST1A__rep1\XRF data\L000036.spe	212.00	5.52	1	0.017526	-0.012928	0.010011	0.091030	67295	1.35	21	20	6	20	11	0	133	11	156	0	4	15	0	128	123	203	86	0	13	0	2400	72	60	0	0	9	0	0	5	82	821	120	23	0	0	0	0	0	82	0	0	0	0	0	0	356	119	111	192	73575	10193	0.387	
\\Mac\Home\Documents\Steve\23-10_Manchester2_Mo\Campbell\MST1A__rep1\XRF data\L000037.spe	213.00	5.48	1	0.017526	-0.012928	0.010011	0.091030	71133	1.26	16	14	0	0	22	0	144	0	156	26	6	0	8	135	35	204	62	55	94	0	2645	365	126	0	0	7	0	0	6	181	528	0	0	0	0	68	300	36	0	0	0	0	0	0	0	216	71	47	442	75930	10375	0.396	
\\Mac\Home\Documents\Steve\23-10_Manchester2_Mo\Campbell\MST1A__rep1\XRF data\L000038.spe	214.00	5.50	1	0.017526	-0.012928	0.010011	0.091030	68673	1.31	28	0	0	0	7	0	126	4	141	25	18	30	18	38	0	201	55	22	70	0	3082	104	83	0	0	0	19	0	0	0	744	87	0	31	0	0	94	0	131	206	0	18	51	0	0	565	262	233	337	75113	10090	0.391	
\\Mac\Home\Documents\Steve\23-10_Manchester2_Mo\Campbell\MST1A__rep1\XRF data\L000039.spe	215.00	5.51	1	0.017526	-0.012928	0.010011	0.091030	67584	1.31	36	14	0	0	0	0	132	0	134	21	0	0	0	81	0	220	153	0	143	0	2727	41	191	192	0	0	0	0	18	0	0	35	0	0	0	0	0	0	210	0	27	5	0	466	716	673	186	290	352	74366	10554	0.388	
\\Mac\Home\Documents\Steve\23-10_Manchester2_Mo\Campbell\MST1A__rep1\XRF data\L000040.spe	216.00	5.52	1	0.017526	-0.012928	0.010011	0.091030	67184	1.19	15	65	0	0	0	0	123	11	99	17	4	0	0	41	0	173	138	43	0	0	2604	99	73	0	0	0	19	0	11	0	0	0	0	0	0	158	25	0	135	0	0	0	0	322	348	604	266	235	316	73592	10352	0.387	
\\Mac\Home\Documents\Steve\23-10_Manchester2_Mo\Campbell\MST1A__rep1\XRF data\L000041.spe	217.00	5.54	1	0.017526	-0.012928	0.010011	0.091030	66280	1.33	0	0	4	0	7	14	179	25	150	0	14	30	0	35	17	244	132	4	0	0	2596	410	112	0	0	18	23	0	17	0	37	0	0	0	0	28	115	242	0	0	0	0	0	110	377	571	333	347	347	72284	9910	0.384	
\\Mac\Home\Documents\Steve\23-10_Manchester2_Mo\Campbell\MST1A__rep1\XRF data\L000042.spe	218.00	5.53	1	0.017526	-0.012928	0.010011	0.091030	62602	1.66	30	0	23	31	0	0	128	5	115	21	10	11	0	43	11	185	77	5	0	0	2077	81	68	0	0	0	0	0	0	0	1012	0	0	0	0	0	0	0	74	182	0	0	0	0	0	0	172	232	311	71015	9758	0.376	
\\Mac\Home\Documents\Steve\23-10_Manchester2_Mo\Campbell\MST1A__rep1\XRF data\L000043.spe	219.00	5.50	1	0.017526	-0.012928	0.010011	0.091030	63511	1.24	5	0	0	14	6	0	104	0	122	0	0	0	0	44	113	240	79	0	33	0	2301	195	132	25	0	5	6	0	5	0	0	0	0	0	0	0	82	256	0	0	0	0	0	531	583	390	145	147	301	71957	9764	0.380	
\\Mac\Home\Documents\Steve\23-10_Manchester2_Mo\Campbell\MST1A__rep1\XRF data\L000044.spe	220.00	5.51	1	0.017526	-0.012928	0.010011	0.091030	66629	1.67	0	29	0	0	0	0	101	0	106	8	0	16	0	63	56	184	93	41	0	0	2421	114	0	0	0	8	0	15	11	114	1198	36	49	5	0	245	84	0	0	144	0	0	0	0	0	91	38	146	181	73547	10064	0.384	
\\Mac\Home\Documents\Steve\23-10_Manchester2_Mo\Campbell\MST1A__rep1\XRF data\L000045.spe	221.00	5.54	1	0.017526	-0.012928	0.010011	0.091030	68217	1.10	0	57	12	4	0	28	108	7	119	5	0	15	20	70	83	215	83	28	49	0	2488	48	101	0	113	0	0	0	9	117	0	50	0	0	0	0	0	0	86	150	0	0	0	317	392	288	58	175	364	73543	9909	0.390	
\\Mac\Home\Documents\Steve\23-10_Manchester2_Mo\Campbell\MST1A__rep1\XRF data\L000046.spe	222.00	5.55	1	0.017526	-0.012928	0.010011	0.091030	67186	1.19	17	52	0	0	0	0	109	0	158	47	0	14	4	33	0	237	33	0	5	0	2697	112	0	0	0	0	0	0	0	152	0	8	0	0	0	0	0	0	25	84	0	0	137	371	316	668	0	74	368	73292	10049	0.387	
\\Mac\Home\Documents\Steve\23-10_Manchester2_Mo\Campbell\MST1A__rep1\XRF data\L000047.spe	223.00	5.55	1	0.017526	-0.012928	0.010011	0.091030	68451	1.12	0	16	14	6	30	0	148	15	136	9	13	19	0	56	0	200	80	35	124	24	2756	175	125	0	317	8	0	9	31	171	0	0	76	0	0	0	99	13	205	153	14	0	47	465	525	476	57	142	0	74180	10411	0.389	
\\Mac\Home\Documents\Steve\23-10_Manchester2_Mo\Campbell\MST1A__rep1\XRF data\L000048.spe	224.00	5.55	1	0.017526	-0.012928	0.010011	0.091030	67123	1.44	10	41	0	17	17	0	154	16	158	28	0	0	7	74	0	213	149	8	208	0	3170	25	228	55	26	16	21	0	0	0	348	47	0	28	0	0	5	0	0	45	25	0	7	0	58	1173	210	129	318	73279	9988	0.387	
\\Mac\Home\Documents\Steve\23-10_Manchester2_Mo\Campbell\MST1A__rep1\XRF data\L000049.spe	225.00	5.57	1	0.017526	-0.012928	0.010011	0.091030	65795	1.32	0	25	6	0	7	0	123	0	95	28	21	0	0	13	55	161	56	0	0	24	3077	85	111	63	0	26	0	0	0	122	0	18	0	76	0	133	85	134	146	0	0	0	0	562	497	532	35	64	367	73426	9901	0.383	
\\Mac\Home\Documents\Steve\23-10_Manchester2_Mo\Campbell\MST1A__rep1\XRF data\L000050.spe	226.00	5.57	1	0.017526	-0.012928	0.010011	0.091030	67353	1.25	0	17	0	0	0	0	125	0	109	39	0	0	8	65	0	182	108	37	0	0	3115	416	0	0	0	0	0	6	0	82	622	0	0	0	0	44	111	8	0	0	40	0	17	0	0	427	163	265	399	72741	10002	0.387	
\\Mac\Home\Documents\Steve\23-10_Manchester2_Mo\Campbell\MST1A__rep1\XRF data\L000051.spe	227.00	5.57	1	0.017526	-0.012928	0.010011	0.091030	67067	1.18	0	34	0	13	8	0	120	11	120	39	18	0	14	79	43	207	12	0	79	0	2778	112	38	0	0	11	9	0	0	203	0	45	0	0	0	0	0	0	77	52	0	0	0	271	398	414	69	100	277	72426	9798	0.385	
\\Mac\Home\Documents\Steve\23-10_Manchester2_Mo\Campbell\MST1A__rep1\XRF data\L000052.spe	228.00	5.57	1	0.017526	-0.012928	0.010011	0.091030	63479	1.16	13	21	9	8	20	6	162	13	125	16	13	25	0	65	0	185	107	10	152	0	2370	0	89	0	0	17	5	0	13	20	615	23	130	0	0	0	126	0	84	395	0	0	43	0	0	318	131	236	10	70565	9911	0.376	
\\Mac\Home\Documents\Steve\23-10_Manchester2_Mo\Campbell\MST1A__rep1\XRF data\L000053.spe	229.00	5.54	1	0.017526	-0.012928	0.010011	0.091030	66622	1.35	0	20	7	10	13	0	168	0	135	19	0	0	0	52	0	234	166	73	14	0	2729	45	0	0	0	0	5	0	0	0	0	0	34	0	0	33	0	0	130	263	9	0	0	481	823	873	248	361	379	72946	10018	0.383	
\\Mac\Home\Documents\Steve\23-10_Manchester2_Mo\Campbell\MST1A__rep1\XRF data\L000054.spe	230.00	5.54	1	0.017526	-0.012928	0.010011	0.091030	66739	1.24	0	29	6	0	9	0	123	22	167	14	5	11	0	73	0	224	82	0	99	0	3033	241	172	52	0	0	8	6	0	0	110	0	0	0	0	0	169	31	0	0	13	0	0	79	552	711	223	170	295	72686	10111	0.384	
\\Mac\Home\Documents\Steve\23-10_Manchester2_Mo\Campbell\MST1A__rep1\XRF data\L000055.spe	231.00	5.58	1	0.017526	-0.012928	0.010011	0.091030	66609	1.27	7	44	0	6	24	0	160	0	151	26	19	0	0	13	0	215	38	0	0	0	3079	0	73	29	0	0	10	0	0	237	169	0	0	0	0	95	57	0	0	204	0	0	46	12	245	757	55	137	439	71966	9805	0.384	
\\Mac\Home\Documents\Steve\23-10_Manchester2_Mo\Campbell\MST1A__rep1\XRF data\L000056.spe	232.00	5.57	1	0.017526	-0.012928	0.010011	0.091030	67507	1.26	6	0	0	14	21	7	123	24	164	0	0	22	0	69	19	222	142	0	0	0	2811	83	148	225	207	5	19	0	0	33	0	14	0	0	0	103	189	176	0	0	28	0	0	557	707	546	207	202	285	72436	10251	0.384	
\\Mac\Home\Documents\Steve\23-10_Manchester2_Mo\Campbell\MST1A__rep1\XRF data\L000057.spe	233.00	5.58	1	0.017526	-0.012928	0.010011	0.091030	67065	1.36	19	22	0	0	10	0	136	7	130	26	0	0	0	52	98	194	196	0	0	0	3270	0	93	0	144	16	12	0	7	0	0	0	29	10	0	159	0	197	57	0	0	0	0	436	528	884	377	354	337	72087	10100	0.385	
\\Mac\Home\Documents\Steve\23-10_Manchester2_Mo\Campbell\MST1A__rep1\XRF data\L000058.spe	234.00	5.61	1	0.017526	-0.012928	0.010011	0.091030	65781	1.47	16	65	35	40	10	15	170	8	130	0	0	22	0	15	5	186	137	0	75	0	3119	0	163	0	0	9	0	0	7	0	726	0	0	0	0	0	92	0	177	434	0	0	51	0	0	554	263	441	391	71737	10029	0.382	
\\Mac\Home\Documents\Steve\23-10_Manchester2_Mo\Campbell\MST1A__rep1\XRF data\L000059.spe	235.00	5.61	1	0.017526	-0.012928	0.010011	0.091030	65474	1.89	20	34	0	11	0	0	147	0	104	41	0	38	0	65	93	212	119	43	28	0	3143	0	23	104	0	0	0	0	0	0	0	0	0	0	0	0	0	0	323	119	0	0	0	1050	1194	1036	233	298	423	72499	9840	0.380	
\\Mac\Home\Documents\Steve\23-10_Manchester2_Mo\Campbell\MST1A__rep1\XRF data\L000060.spe	236.00	5.60	1	0.017526	-0.012928	0.010011	0.091030	66270	1.34	16	55	9	9	0	0	146	0	105	24	18	0	0	39	0	214	50	65	0	0	2768	171	163	53	0	16	12	0	0	97	0	0	0	0	0	0	100	0	0	6	21	0	62	737	761	549	85	39	519	73047	9971	0.383	
\\Mac\Home\Documents\Steve\23-10_Manchester2_Mo\Campbell\MST1A__rep1\XRF data\L000061.spe	237.00	5.62	1	0.017526	-0.012928	0.010011	0.091030	66133	1.19	0	25	0	0	14	0	181	9	116	55	16	0	0	84	0	183	124	67	38	0	2922	0	24	12	0	7	9	0	0	8	232	0	0	0	0	100	220	0	0	167	9	0	14	0	207	454	261	256	557	72454	9881	0.382	
\\Mac\Home\Documents\Steve\23-10_Manchester2_Mo\Campbell\MST1A__rep1\XRF data\L000062.spe	238.00	5.63	1	0.017526	-0.012928	0.010011	0.091030	65260	1.25	13	27	0	0	14	5	137	0	96	0	13	0	0	47	18	196	152	13	0	61	2695	273	182	29	0	0	0	0	0	0	595	0	0	0	0	27	55	0	54	96	0	0	59	0	0	101	165	235	430	72039	9532	0.380	
\\Mac\Home\Documents\Steve\23-10_Manchester2_Mo\Campbell\MST1A__rep1\XRF data\L000063.spe	239.00	5.63	1	0.017526	-0.012928	0.010011	0.091030	64598	1.27	0	57	0	0	29	28	148	21	184	13	0	11	22	0	40	214	69	4	0	0	2616	282	88	73	0	5	10	12	25	13	61	0	0	0	0	270	77	110	0	0	0	0	0	149	403	427	199	276	393	72133	9772	0.379	
\\Mac\Home\Documents\Steve\23-10_Manchester2_Mo\Campbell\MST1A__rep1\XRF data\L000064.spe	240.00	5.63	1	0.017526	-0.012928	0.010011	0.091030	65410	1.80	0	30	17	14	13	0	153	20	122	66	0	35	0	5	124	180	98	30	0	24	2825	97	137	33	0	6	0	11	0	0	0	22	0	0	0	104	0	0	90	342	0	0	0	974	993	747	368	296	267	72164	10156	0.380	
\\Mac\Home\Documents\Steve\23-10_Manchester2_Mo\Campbell\MST1A__rep1\XRF data\L000065.spe	241.00	5.63	1	0.017526	-0.012928	0.010011	0.091030	67087	1.42	13	15	18	16	12	0	170	0	146	33	0	10	0	48	34	128	211	0	0	87	2480	136	200	57	0	11	7	0	0	0	706	80	0	0	0	123	229	72	14	0	0	0	0	0	0	316	200	166	600	72968	9887	0.384	
\\Mac\Home\Documents\Steve\23-10_Manchester2_Mo\Campbell\MST1A__rep1\XRF data\L000066.spe	242.00	5.64	1	0.017526	-0.012928	0.010011	0.091030	64438	1.30	29	0	0	0	0	0	157	18	108	36	28	0	0	57	48	239	149	91	206	0	2498	233	60	0	55	0	14	0	0	34	630	64	0	0	0	0	75	0	198	0	0	0	0	0	0	250	138	126	227	71374	9736	0.379	
\\Mac\Home\Documents\Steve\23-10_Manchester2_Mo\Campbell\MST1A__rep1\XRF data\L000067.spe	243.00	5.64	1	0.017526	-0.012928	0.010011	0.091030	64244	1.15	0	25	0	19	29	0	134	0	116	7	24	0	0	61	10	204	81	12	62	0	2604	140	79	0	32	5	0	0	0	134	384	42	213	0	0	14	103	46	33	155	0	0	0	0	68	609	78	65	0	71715	10066	0.380	
\\Mac\Home\Documents\Steve\23-10_Manchester2_Mo\Campbell\MST1A__rep1\XRF data\L000068.spe	244.00	5.65	1	0.017526	-0.012928	0.010011	0.091030	65765	1.48	0	27	0	0	11	0	123	7	126	7	0	24	0	83	0	194	66	18	0	0	2427	128	154	0	0	5	0	5	0	0	0	0	0	0	0	0	202	59	0	0	0	0	0	527	747	490	222	286	503	72782	9821	0.383	
\\Mac\Home\Documents\Steve\23-10_Manchester2_Mo\Campbell\MST1A__rep1\XRF data\L000069.spe	245.00	5.65	1	0.017526	-0.012928	0.010011	0.091030	67155	1.83	10	0	10	0	12	0	155	15	100	0	6	30	0	94	0	223	85	16	0	0	2596	354	28	0	15	11	0	6	24	4	1232	39	0	26	0	68	60	126	0	0	0	0	56	0	0	0	165	210	379	72131	9818	0.386	
\\Mac\Home\Documents\Steve\23-10_Manchester2_Mo\Campbell\MST1A__rep1\XRF data\L000070.spe	246.00	5.67	1	0.017526	-0.012928	0.010011	0.091030	66347	1.22	13	35	0	0	13	0	114	0	115	48	5	0	0	28	0	231	102	6	0	90	2807	351	0	0	0	0	9	0	0	120	0	59	0	62	0	13	127	0	0	0	0	0	0	394	273	662	198	120	573	72641	10107	0.385	
\\Mac\Home\Documents\Steve\23-10_Manchester2_Mo\Campbell\MST1A__rep1\XRF data\L000071.spe	247.00	5.67	1	0.017526	-0.012928	0.010011	0.091030	66566	1.36	0	38	0	0	16	10	164	19	112	25	17	16	0	83	118	150	18	14	0	0	2727	11	80	70	0	19	20	7	19	209	545	0	17	0	0	172	170	0	22	173	0	0	0	0	0	469	0	104	106	73566	10132	0.385	
\\Mac\Home\Documents\Steve\23-10_Manchester2_Mo\Campbell\MST1A__rep1\XRF data\L000072.spe	248.00	5.68	1	0.017526	-0.012928	0.010011	0.091030	68498	1.18	0	12	0	0	11	9	146	5	115	0	0	9	0	156	23	224	192	30	0	108	2723	26	16	0	0	35	12	22	5	0	373	53	0	0	0	129	25	0	30	19	0	0	0	0	253	172	310	318	462	74481	10259	0.390	
\\Mac\Home\Documents\Steve\23-10_Manchester2_Mo\Campbell\MST1A__rep1\XRF data\L000073.spe	249.00	5.67	1	0.017526	-0.012928	0.010011	0.091030	70123	1.29	0	35	0	29	0	0	152	24	133	0	0	14	0	195	101	218	125	43	0	0	2920	56	91	0	63	9	17	18	32	145	327	49	0	0	0	142	165	0	0	150	0	0	0	0	115	358	77	164	240	75078	10648	0.391	
\\Mac\Home\Documents\Steve\23-10_Manchester2_Mo\Campbell\MST1A__rep1\XRF data\L000074.spe	250.00	5.67	1	0.017526	-0.012928	0.010011	0.091030	69930	1.15	33	0	15	15	17	15	142	0	94	39	0	9	0	160	41	193	128	38	0	0	2681	372	39	0	0	29	19	0	0	0	0	0	0	0	0	128	207	0	0	0	0	0	0	361	553	584	188	260	404	75189	10330	0.392	
\\Mac\Home\Documents\Steve\23-10_Manchester2_Mo\Campbell\MST1A__rep1\XRF data\L000075.spe	251.00	5.68	1	0.017526	-0.012928	0.010011	0.091030	66552	1.24	0	30	23	12	8	0	172	0	127	25	12	0	0	207	11	153	155	0	0	0	2738	282	125	6	0	0	0	0	0	0	0	110	0	0	0	50	75	21	70	0	0	0	0	229	507	820	394	118	383	72750	9999	0.385	
\\Mac\Home\Documents\Steve\23-10_Manchester2_Mo\Campbell\MST1A__rep1\XRF data\L000076.spe	252.00	5.67	1	0.017526	-0.012928	0.010011	0.091030	66376	1.94	46	51	6	25	16	9	161	0	106	36	20	0	13	178	7	260	215	67	85	32	2314	0	0	0	0	0	0	0	0	0	0	0	0	0	0	0	0	0	251	87	4	0	34	1117	1289	441	396	297	485	72925	9967	0.384	
\\Mac\Home\Documents\Steve\23-10_Manchester2_Mo\Campbell\MST1A__rep1\XRF data\L000077.spe	253.00	5.69	1	0.017526	-0.012928	0.010011	0.091030	64522	1.19	37	40	6	14	8	0	142	11	93	15	0	8	0	116	0	205	77	0	0	59	2418	198	179	31	0	9	0	0	0	91	335	37	0	0	0	20	156	0	0	0	0	0	42	0	239	346	39	117	229	71952	9685	0.382	
\\Mac\Home\Documents\Steve\23-10_Manchester2_Mo\Campbell\MST1A__rep1\XRF data\L000078.spe	254.00	5.67	1	0.017526	-0.012928	0.010011	0.091030	67448	1.72	0	0	0	0	15	0	129	0	141	12	0	6	0	138	40	210	0	0	115	0	2598	50	38	93	0	0	4	4	0	188	914	0	0	0	0	0	19	0	121	273	0	0	0	0	0	306	0	173	293	74049	9977	0.387	
\\Mac\Home\Documents\Steve\23-10_Manchester2_Mo\Campbell\MST1A__rep1\XRF data\L000079.spe	255.00	5.66	1	0.017526	-0.012928	0.010011	0.091030	68713	1.22	0	22	13	0	22	0	136	0	117	16	21	0	0	179	65	203	139	0	26	0	2596	95	22	25	0	0	0	0	5	90	554	49	26	0	0	0	0	115	244	20	0	0	0	0	0	313	131	132	200	74499	10387	0.390	
\\Mac\Home\Documents\Steve\23-10_Manchester2_Mo\Campbell\MST1A__rep1\XRF data\L000080.spe	256.00	5.66	1	0.017526	-0.012928	0.010011	0.091030	66906	1.17	0	21	0	5	8	0	117	14	133	17	0	0	0	174	0	231	102	7	0	0	2701	19	121	0	0	0	0	4	16	0	179	0	0	0	0	43	0	0	40	554	0	0	6	0	376	637	245	139	362	72320	9824	0.385	
\\Mac\Home\Documents\Steve\23-10_Manchester2_Mo\Campbell\MST1A__rep1\XRF data\L000081.spe	257.00	5.65	1	0.017526	-0.012928	0.010011	0.091030	66637	1.24	0	39	0	12	6	0	172	19	147	31	0	33	8	185	12	200	124	17	121	66	2554	165	116	0	0	11	19	0	15	42	0	0	0	0	0	0	101	0	159	24	0	0	11	723	628	479	65	212	595	72052	9671	0.383	
\\Mac\Home\Documents\Steve\23-10_Manchester2_Mo\Campbell\MST1A__rep1\XRF data\L000082.spe	258.00	5.67	1	0.017526	-0.012928	0.010011	0.091030	63273	1.35	0	43	22	0	0	0	166	0	130	37	0	0	0	184	46	114	0	19	0	0	2418	267	111	0	0	13	0	4	0	205	345	0	0	0	0	239	0	129	22	0	0	25	0	0	0	549	115	175	86	70205	9820	0.375	
\\Mac\Home\Documents\Steve\23-10_Manchester2_Mo\Campbell\MST1A__rep1\XRF data\L000083.spe	259.00	5.63	1	0.017526	-0.012928	0.010011	0.091030	67011	1.28	0	42	25	7	0	0	116	8	135	4	0	5	5	172	0	198	108	54	307	58	2724	0	0	0	0	0	0	0	21	26	285	0	0	0	0	0	50	0	171	228	0	0	84	0	178	715	280	175	456	72020	9652	0.385	
\\Mac\Home\Documents\Steve\23-10_Manchester2_Mo\Campbell\MST1A__rep1\XRF data\L000084.spe	260.00	5.63	1	0.017526	-0.012928	0.010011	0.091030	69379	1.56	20	25	0	0	0	0	132	10	130	29	17	10	0	163	17	212	113	0	0	0	2682	144	44	0	4	0	10	0	0	0	0	0	0	0	0	25	46	34	114	0	0	15	0	993	969	668	358	413	440	73289	10419	0.392	
\\Mac\Home\Documents\Steve\23-10_Manchester2_Mo\Campbell\MST1A__rep1\XRF data\L000085.spe	261.00	5.65	1	0.017526	-0.012928	0.010011	0.091030	69358	1.29	0	22	11	0	0	0	118	0	113	30	0	11	0	152	22	195	222	64	0	0	2736	75	6	0	0	0	9	0	0	0	765	44	49	0	0	43	27	54	169	0	0	0	0	0	0	459	240	357	303	73662	10257	0.389	
\\Mac\Home\Documents\Steve\23-10_Manchester2_Mo\Campbell\MST1A__rep1\XRF data\L000086.spe	262.00	5.66	1	0.017526	-0.012928	0.010011	0.091030	69661	1.11	7	30	0	0	0	10	127	17	96	46	29	0	0	190	70	198	211	8	0	0	2553	55	200	0	0	29	15	0	0	0	306	25	0	0	0	19	47	0	0	137	0	0	0	0	208	371	271	325	364	74284	10436	0.392	
\\Mac\Home\Documents\Steve\23-10_Manchester2_Mo\Campbell\MST1A__rep1\XRF data\L000087.spe	263.00	5.68	1	0.017526	-0.012928	0.010011	0.091030	69060	1.20	20	32	6	0	0	9	160	12	138	24	8	24	0	156	87	251	119	12	0	0	2597	191	0	0	0	24	6	0	0	0	487	66	0	0	0	0	0	232	36	0	0	0	0	0	53	401	225	214	364	73000	10046	0.391	
\\Mac\Home\Documents\Steve\23-10_Manchester2_Mo\Campbell\MST1A__rep1\XRF data\L000088.spe	264.00	5.69	1	0.017526	-0.012928	0.010012	0.091030	70106	1.21	0	35	0	12	0	0	126	0	135	14	0	0	0	120	0	178	54	0	0	0	2547	159	95	0	0	0	0	0	0	116	0	52	0	0	0	0	174	0	0	37	0	0	165	469	526	593	66	83	497	74268	10247	0.394	
\\Mac\Home\Documents\Steve\23-10_Manchester2_Mo\Campbell\MST1A__rep1\XRF data\L000089.spe	265.00	5.70	1	0.017526	-0.012928	0.010012	0.091030	69717	1.77	0	29	9	14	0	0	142	18	116	0	0	9	0	139	5	195	77	0	0	0	2657	239	85	55	0	0	11	0	29	0	1288	0	0	0	0	115	201	142	0	0	0	0	0	0	0	146	223	158	417	74367	10294	0.392	
\\Mac\Home\Documents\Steve\23-10_Manchester2_Mo\Campbell\MST1A__rep1\XRF data\L000090.spe	266.00	5.71	1	0.017526	-0.012928	0.010012	0.091030	67479	1.16	6	32	5	21	0	0	156	20	132	6	0	0	0	53	0	181	154	0	136	0	2732	0	0	0	0	0	0	0	10	0	84	44	200	0	0	0	20	0	63	315	0	0	16	107	400	554	226	154	76	72580	10058	0.387	
\\Mac\Home\Documents\Steve\23-10_Manchester2_Mo\Campbell\MST1A__rep1\XRF data\L000091.spe	267.00	5.70	1	0.017526	-0.012928	0.010012	0.091030	68332	1.64	16	26	0	5	9	0	124	26	167	21	0	9	5	99	58	235	109	5	0	0	2625	202	72	0	9	0	0	14	0	115	0	0	0	0	0	84	102	156	0	0	0	0	0	754	870	861	51	168	528	72958	10109	0.389	
\\Mac\Home\Documents\Steve\23-10_Manchester2_Mo\Campbell\MST1A__rep1\XRF data\L000092.spe	268.00	5.71	1	0.017526	-0.012928	0.010012	0.091030	67781	1.29	12	0	9	0	11	0	166	0	150	8	0	10	0	122	58	181	76	0	89	63	2592	247	73	0	56	0	0	0	0	0	0	71	0	155	0	0	159	283	0	0	0	0	0	518	492	538	328	229	372	72897	10346	0.386	
\\Mac\Home\Documents\Steve\23-10_Manchester2_Mo\Campbell\MST1A__rep1\XRF data\L000093.spe	269.00	5.69	1	0.017526	-0.012928	0.010012	0.091030	69505	1.34	0	10	0	7	7	0	142	0	143	36	16	15	0	98	0	234	62	46	0	0	2619	200	160	39	0	0	21	0	0	0	188	0	0	0	0	94	105	148	0	0	16	0	149	0	328	481	212	366	580	73760	10043	0.393	
\\Mac\Home\Documents\Steve\23-10_Manchester2_Mo\Campbell\MST1A__rep1\XRF data\L000094.spe	270.00	5.71	1	0.017526	-0.012928	0.010012	0.091030	68800	1.12	58	46	0	20	0	0	111	0	152	13	6	0	0	116	19	203	7	36	43	0	2557	310	50	147	0	0	0	0	0	266	92	39	0	0	0	0	0	334	90	0	0	0	0	208	245	580	70	0	129	74554	10104	0.390	
\\Mac\Home\Documents\Steve\23-10_Manchester2_Mo\Campbell\MST1A__rep1\XRF data\L000095.spe	271.00	5.68	1	0.017526	-0.012928	0.010012	0.091030	71417	1.14	0	19	5	0	0	0	122	0	155	34	0	0	0	95	81	258	101	6	0	0	2254	265	76	59	0	0	0	0	0	180	347	139	0	0	0	41	105	17	11	17	0	0	0	0	301	323	118	109	352	75419	10418	0.396	
\\Mac\Home\Documents\Steve\23-10_Manchester2_Mo\Campbell\MST1A__rep1\XRF data\L000096.spe	272.00	5.70	1	0.017526	-0.012928	0.010012	0.091030	71019	1.32	36	54	8	0	0	0	129	0	144	16	0	0	0	90	117	248	119	10	0	64	2170	448	6	0	90	18	0	13	4	15	0	0	0	0	0	33	71	0	0	0	0	11	0	619	1076	599	300	276	516	75119	10475	0.394	
\\Mac\Home\Documents\Steve\23-10_Manchester2_Mo\Campbell\MST1A__rep1\XRF data\L000097.spe	273.00	5.69	1	0.017526	-0.012928	0.010012	0.091030	71425	1.25	70	60	10	36	58	18	153	21	155	5	10	25	0	87	0	187	118	20	0	0	2494	0	56	0	44	17	32	0	7	52	636	0	0	0	0	269	83	88	0	264	0	0	61	0	0	197	236	354	635	75062	10194	0.395	
\\Mac\Home\Documents\Steve\23-10_Manchester2_Mo\Campbell\MST1A__rep1\XRF data\L000098.spe	274.00	5.71	1	0.017526	-0.012928	0.010012	0.091030	67786	1.24	0	60	0	17	31	0	153	17	147	51	0	16	15	105	0	172	153	45	116	99	2570	80	0	26	0	19	7	0	0	193	472	0	0	0	0	0	80	20	106	29	47	0	6	0	7	661	78	181	505	73234	10260	0.387	