Date:	2023-08-22		
Time:	18:20		
Sample name:	DP1_DP2_NEB8A		
Position:	686.000049	mm	
Sample surface:	5.909843	cm	
Tube anode:	Mo		
Tube voltage:	30	kV	
Tube current:	30	mA	
Comments	not in position		
Gain	0.060000		
peaking_time	1.500000	m-sec	
trigger_threshold	653.076172	V	
mca_bin_width	17.500000	no:	
number_mca_channels	1024.000000	no:	
gap_time	0.080000	m-sec	
trigger_peaking_time	0.060000	m-sec	
livetime	7.741946	seconds	
runtime	10.007209	seconds	
input_count_rate	34032.506544	cps	
output_count_rate	26328.620645	cps	
triggers	0	seconds	
events_in_run	0	seconds	
channel	content		
 1.00	 0.00
 2.00	 0.00
 3.00	 0.00
 4.00	 0.00
 5.00	 0.00
 6.00	 0.00
 7.00	 0.00
 8.00	 0.00
 9.00	 0.00
10.00	 0.00
11.00	 0.00
12.00	 0.00
13.00	 0.00
14.00	 0.00
15.00	 0.00
16.00	 0.00
17.00	 0.00
18.00	 0.00
19.00	 0.00
20.00	 0.00
21.00	 0.00
22.00	 0.00
23.00	 0.00
24.00	 0.00
25.00	 0.00
26.00	 0.00
27.00	 0.00
28.00	 0.00
29.00	 0.00
30.00	 0.00
31.00	 0.00
32.00	 0.00
33.00	 0.00
34.00	 0.00
35.00	 0.00
36.00	 0.00
37.00	 0.00
38.00	 1.00
39.00	 0.00
40.00	 0.00
41.00	 0.00
42.00	 0.00
43.00	 1.00
44.00	 1.00
45.00	 0.00
46.00	 1.00
47.00	 1.00
48.00	 3.00
49.00	 1.00
50.00	 3.00
51.00	 3.00
52.00	 8.00
53.00	11.00
54.00	13.00
55.00	 6.00
56.00	12.00
57.00	 8.00
58.00	11.00
59.00	20.00
60.00	25.00
61.00	26.00
62.00	12.00
63.00	37.00
64.00	20.00
65.00	23.00
66.00	26.00
67.00	25.00
68.00	24.00
69.00	29.00
70.00	28.00
71.00	34.00
72.00	21.00
73.00	33.00
74.00	33.00
75.00	22.00
76.00	32.00
77.00	33.00
78.00	28.00
79.00	23.00
80.00	30.00
81.00	24.00
82.00	31.00
83.00	36.00
84.00	30.00
85.00	26.00
86.00	42.00
87.00	38.00
88.00	30.00
89.00	28.00
90.00	31.00
91.00	25.00
92.00	28.00
93.00	29.00
94.00	26.00
95.00	34.00
96.00	29.00
97.00	37.00
98.00	34.00
99.00	41.00
100.00	31.00
101.00	35.00
102.00	39.00
103.00	26.00
104.00	34.00
105.00	27.00
106.00	26.00
107.00	22.00
108.00	31.00
109.00	27.00
110.00	31.00
111.00	13.00
112.00	26.00
113.00	21.00
114.00	34.00
115.00	29.00
116.00	18.00
117.00	24.00
118.00	23.00
119.00	23.00
120.00	20.00
121.00	28.00
122.00	17.00
123.00	19.00
124.00	16.00
125.00	28.00
126.00	14.00
127.00	23.00
128.00	15.00
129.00	27.00
130.00	15.00
131.00	13.00
132.00	23.00
133.00	22.00
134.00	20.00
135.00	24.00
136.00	18.00
137.00	26.00
138.00	12.00
139.00	16.00
140.00	11.00
141.00	16.00
142.00	12.00
143.00	11.00
144.00	19.00
145.00	10.00
146.00	15.00
147.00	 6.00
148.00	14.00
149.00	15.00
150.00	 9.00
151.00	14.00
152.00	19.00
153.00	18.00
154.00	11.00
155.00	13.00
156.00	17.00
157.00	17.00
158.00	19.00
159.00	17.00
160.00	15.00
161.00	22.00
162.00	24.00
163.00	29.00
164.00	29.00
165.00	43.00
166.00	61.00
167.00	64.00
168.00	82.00
169.00	89.00
170.00	111.00
171.00	102.00
172.00	80.00
173.00	92.00
174.00	58.00
175.00	44.00
176.00	44.00
177.00	25.00
178.00	22.00
179.00	22.00
180.00	18.00
181.00	14.00
182.00	29.00
183.00	33.00
184.00	35.00
185.00	68.00
186.00	76.00
187.00	77.00
188.00	114.00
189.00	103.00
190.00	115.00
191.00	130.00
192.00	122.00
193.00	98.00
194.00	67.00
195.00	54.00
196.00	37.00
197.00	23.00
198.00	21.00
199.00	29.00
200.00	18.00
201.00	22.00
202.00	35.00
203.00	43.00
204.00	72.00
205.00	72.00
206.00	122.00
207.00	177.00
208.00	231.00
209.00	303.00
210.00	377.00
211.00	445.00
212.00	414.00
213.00	432.00
214.00	397.00
215.00	303.00
216.00	272.00
217.00	186.00
218.00	135.00
219.00	83.00
220.00	54.00
221.00	36.00
222.00	32.00
223.00	32.00
224.00	36.00
225.00	42.00
226.00	38.00
227.00	50.00
228.00	65.00
229.00	78.00
230.00	85.00
231.00	90.00
232.00	75.00
233.00	67.00
234.00	59.00
235.00	39.00
236.00	51.00
237.00	25.00
238.00	28.00
239.00	26.00
240.00	14.00
241.00	 9.00
242.00	 8.00
243.00	14.00
244.00	16.00
245.00	20.00
246.00	16.00
247.00	27.00
248.00	34.00
249.00	57.00
250.00	87.00
251.00	117.00
252.00	175.00
253.00	322.00
254.00	429.00
255.00	536.00
256.00	636.00
257.00	768.00
258.00	876.00
259.00	916.00
260.00	870.00
261.00	781.00
262.00	628.00
263.00	512.00
264.00	417.00
265.00	288.00
266.00	248.00
267.00	138.00
268.00	88.00
269.00	79.00
270.00	59.00
271.00	62.00
272.00	47.00
273.00	42.00
274.00	42.00
275.00	60.00
276.00	64.00
277.00	73.00
278.00	107.00
279.00	128.00
280.00	136.00
281.00	161.00
282.00	175.00
283.00	197.00
284.00	173.00
285.00	176.00
286.00	157.00
287.00	135.00
288.00	97.00
289.00	82.00
290.00	54.00
291.00	39.00
292.00	41.00
293.00	38.00
294.00	35.00
295.00	29.00
296.00	22.00
297.00	33.00
298.00	35.00
299.00	37.00
300.00	36.00
301.00	41.00
302.00	40.00
303.00	44.00
304.00	34.00
305.00	46.00
306.00	36.00
307.00	45.00
308.00	42.00
309.00	48.00
310.00	46.00
311.00	42.00
312.00	43.00
313.00	37.00
314.00	41.00
315.00	42.00
316.00	34.00
317.00	51.00
318.00	41.00
319.00	38.00
320.00	34.00
321.00	22.00
322.00	24.00
323.00	46.00
324.00	49.00
325.00	40.00
326.00	37.00
327.00	39.00
328.00	44.00
329.00	49.00
330.00	43.00
331.00	50.00
332.00	72.00
333.00	74.00
334.00	88.00
335.00	97.00
336.00	103.00
337.00	117.00
338.00	116.00
339.00	111.00
340.00	120.00
341.00	98.00
342.00	82.00
343.00	82.00
344.00	81.00
345.00	58.00
346.00	60.00
347.00	79.00
348.00	65.00
349.00	79.00
350.00	82.00
351.00	87.00
352.00	121.00
353.00	138.00
354.00	237.00
355.00	352.00
356.00	565.00
357.00	923.00
358.00	1430.00
359.00	2266.00
360.00	3526.00
361.00	4999.00
362.00	6706.00
363.00	8737.00
364.00	10456.00
365.00	11892.00
366.00	13095.00
367.00	13576.00
368.00	13049.00
369.00	11752.00
370.00	10054.00
371.00	8072.00
372.00	6231.00
373.00	4607.00
374.00	3178.00
375.00	1978.00
376.00	1278.00
377.00	724.00
378.00	428.00
379.00	250.00
380.00	200.00
381.00	149.00
382.00	132.00
383.00	93.00
384.00	96.00
385.00	117.00
386.00	97.00
387.00	109.00
388.00	109.00
389.00	114.00
390.00	143.00
391.00	134.00
392.00	178.00
393.00	240.00
394.00	281.00
395.00	396.00
396.00	484.00
397.00	698.00
398.00	910.00
399.00	1119.00
400.00	1458.00
401.00	1776.00
402.00	2097.00
403.00	2244.00
404.00	2273.00
405.00	2253.00
406.00	2159.00
407.00	1905.00
408.00	1673.00
409.00	1319.00
410.00	1060.00
411.00	745.00
412.00	492.00
413.00	388.00
414.00	297.00
415.00	188.00
416.00	137.00
417.00	104.00
418.00	102.00
419.00	92.00
420.00	99.00
421.00	116.00
422.00	107.00
423.00	123.00
424.00	103.00
425.00	113.00
426.00	121.00
427.00	128.00
428.00	119.00
429.00	152.00
430.00	117.00
431.00	123.00
432.00	143.00
433.00	121.00
434.00	136.00
435.00	104.00
436.00	126.00
437.00	110.00
438.00	104.00
439.00	103.00
440.00	102.00
441.00	96.00
442.00	105.00
443.00	103.00
444.00	120.00
445.00	120.00
446.00	112.00
447.00	118.00
448.00	90.00
449.00	125.00
450.00	97.00
451.00	123.00
452.00	124.00
453.00	108.00
454.00	126.00
455.00	144.00
456.00	139.00
457.00	126.00
458.00	157.00
459.00	143.00
460.00	106.00
461.00	139.00
462.00	161.00
463.00	154.00
464.00	146.00
465.00	134.00
466.00	162.00
467.00	158.00
468.00	144.00
469.00	155.00
470.00	147.00
471.00	155.00
472.00	160.00
473.00	164.00
474.00	185.00
475.00	159.00
476.00	175.00
477.00	144.00
478.00	160.00
479.00	161.00
480.00	146.00
481.00	165.00
482.00	177.00
483.00	163.00
484.00	164.00
485.00	191.00
486.00	173.00
487.00	169.00
488.00	189.00
489.00	210.00
490.00	188.00
491.00	233.00
492.00	245.00
493.00	236.00
494.00	251.00
495.00	268.00
496.00	250.00
497.00	238.00
498.00	241.00
499.00	225.00
500.00	210.00
501.00	199.00
502.00	216.00
503.00	170.00
504.00	173.00
505.00	166.00
506.00	190.00
507.00	152.00
508.00	157.00
509.00	181.00
510.00	158.00
511.00	185.00
512.00	167.00
513.00	167.00
514.00	190.00
515.00	178.00
516.00	182.00
517.00	198.00
518.00	183.00
519.00	183.00
520.00	197.00
521.00	203.00
522.00	186.00
523.00	216.00
524.00	231.00
525.00	235.00
526.00	242.00
527.00	208.00
528.00	242.00
529.00	237.00
530.00	246.00
531.00	247.00
532.00	228.00
533.00	217.00
534.00	209.00
535.00	248.00
536.00	205.00
537.00	199.00
538.00	244.00
539.00	246.00
540.00	214.00
541.00	246.00
542.00	272.00
543.00	222.00
544.00	242.00
545.00	245.00
546.00	265.00
547.00	267.00
548.00	262.00
549.00	285.00
550.00	267.00
551.00	274.00
552.00	254.00
553.00	284.00
554.00	269.00
555.00	234.00
556.00	246.00
557.00	260.00
558.00	278.00
559.00	233.00
560.00	256.00
561.00	232.00
562.00	249.00
563.00	232.00
564.00	260.00
565.00	243.00
566.00	244.00
567.00	255.00
568.00	256.00
569.00	258.00
570.00	252.00
571.00	282.00
572.00	273.00
573.00	244.00
574.00	260.00
575.00	266.00
576.00	258.00
577.00	253.00
578.00	263.00
579.00	247.00
580.00	260.00
581.00	269.00
582.00	277.00
583.00	259.00
584.00	261.00
585.00	298.00
586.00	288.00
587.00	291.00
588.00	263.00
589.00	277.00
590.00	280.00
591.00	292.00
592.00	266.00
593.00	268.00
594.00	293.00
595.00	275.00
596.00	271.00
597.00	280.00
598.00	259.00
599.00	290.00
600.00	282.00
601.00	268.00
602.00	301.00
603.00	287.00
604.00	302.00
605.00	288.00
606.00	268.00
607.00	308.00
608.00	342.00
609.00	265.00
610.00	323.00
611.00	294.00
612.00	293.00
613.00	305.00
614.00	291.00
615.00	310.00
616.00	289.00
617.00	303.00
618.00	315.00
619.00	320.00
620.00	327.00
621.00	315.00
622.00	333.00
623.00	341.00
624.00	346.00
625.00	326.00
626.00	311.00
627.00	335.00
628.00	311.00
629.00	335.00
630.00	322.00
631.00	315.00
632.00	335.00
633.00	343.00
634.00	358.00
635.00	345.00
636.00	352.00
637.00	306.00
638.00	332.00
639.00	325.00
640.00	334.00
641.00	326.00
642.00	342.00
643.00	315.00
644.00	355.00
645.00	339.00
646.00	345.00
647.00	349.00
648.00	376.00
649.00	345.00
650.00	418.00
651.00	369.00
652.00	378.00
653.00	341.00
654.00	368.00
655.00	326.00
656.00	363.00
657.00	345.00
658.00	337.00
659.00	351.00
660.00	344.00
661.00	349.00
662.00	356.00
663.00	351.00
664.00	377.00
665.00	354.00
666.00	356.00
667.00	417.00
668.00	344.00
669.00	344.00
670.00	379.00
671.00	378.00
672.00	367.00
673.00	356.00
674.00	391.00
675.00	411.00
676.00	397.00
677.00	418.00
678.00	437.00
679.00	450.00
680.00	431.00
681.00	444.00
682.00	423.00
683.00	450.00
684.00	424.00
685.00	445.00
686.00	438.00
687.00	465.00
688.00	391.00
689.00	420.00
690.00	392.00
691.00	405.00
692.00	413.00
693.00	398.00
694.00	438.00
695.00	373.00
696.00	379.00
697.00	406.00
698.00	373.00
699.00	466.00
700.00	344.00
701.00	388.00
702.00	404.00
703.00	379.00
704.00	398.00
705.00	408.00
706.00	390.00
707.00	452.00
708.00	422.00
709.00	420.00
710.00	419.00
711.00	388.00
712.00	418.00
713.00	393.00
714.00	431.00
715.00	451.00
716.00	407.00
717.00	397.00
718.00	409.00
719.00	449.00
720.00	393.00
721.00	445.00
722.00	376.00
723.00	404.00
724.00	428.00
725.00	427.00
726.00	418.00
727.00	426.00
728.00	420.00
729.00	410.00
730.00	425.00
731.00	410.00
732.00	419.00
733.00	432.00
734.00	433.00
735.00	462.00
736.00	390.00
737.00	442.00
738.00	455.00
739.00	488.00
740.00	444.00
741.00	405.00
742.00	458.00
743.00	448.00
744.00	451.00
745.00	495.00
746.00	459.00
747.00	438.00
748.00	430.00
749.00	433.00
750.00	448.00
751.00	433.00
752.00	462.00
753.00	452.00
754.00	457.00
755.00	466.00
756.00	484.00
757.00	489.00
758.00	490.00
759.00	484.00
760.00	525.00
761.00	459.00
762.00	508.00
763.00	503.00
764.00	501.00
765.00	513.00
766.00	445.00
767.00	489.00
768.00	499.00
769.00	454.00
770.00	488.00
771.00	485.00
772.00	473.00
773.00	451.00
774.00	447.00
775.00	455.00
776.00	470.00
777.00	475.00
778.00	493.00
779.00	464.00
780.00	441.00
781.00	453.00
782.00	475.00
783.00	451.00
784.00	488.00
785.00	511.00
786.00	470.00
787.00	482.00
788.00	452.00
789.00	453.00
790.00	466.00
791.00	447.00
792.00	534.00
793.00	465.00
794.00	508.00
795.00	512.00
796.00	529.00
797.00	504.00
798.00	561.00
799.00	619.00
800.00	636.00
801.00	703.00
802.00	746.00
803.00	758.00
804.00	780.00
805.00	945.00
806.00	973.00
807.00	972.00
808.00	969.00
809.00	1028.00
810.00	997.00
811.00	962.00
812.00	922.00
813.00	959.00
814.00	854.00
815.00	789.00
816.00	751.00
817.00	695.00
818.00	661.00
819.00	588.00
820.00	520.00
821.00	524.00
822.00	461.00
823.00	478.00
824.00	488.00
825.00	500.00
826.00	451.00
827.00	479.00
828.00	462.00
829.00	483.00
830.00	476.00
831.00	441.00
832.00	491.00
833.00	485.00
834.00	470.00
835.00	464.00
836.00	485.00
837.00	519.00
838.00	485.00
839.00	489.00
840.00	520.00
841.00	517.00
842.00	513.00
843.00	477.00
844.00	462.00
845.00	492.00
846.00	486.00
847.00	481.00
848.00	499.00
849.00	497.00
850.00	524.00
851.00	496.00
852.00	512.00
853.00	540.00
854.00	482.00
855.00	466.00
856.00	534.00
857.00	495.00
858.00	515.00
859.00	500.00
860.00	571.00
861.00	490.00
862.00	477.00
863.00	552.00
864.00	486.00
865.00	533.00
866.00	508.00
867.00	458.00
868.00	528.00
869.00	482.00
870.00	506.00
871.00	475.00
872.00	479.00
873.00	484.00
874.00	527.00
875.00	484.00
876.00	508.00
877.00	520.00
878.00	505.00
879.00	483.00
880.00	513.00
881.00	491.00
882.00	522.00
883.00	505.00
884.00	564.00
885.00	550.00
886.00	599.00
887.00	563.00
888.00	597.00
889.00	580.00
890.00	584.00
891.00	561.00
892.00	658.00
893.00	618.00
894.00	683.00
895.00	660.00
896.00	712.00
897.00	721.00
898.00	746.00
899.00	743.00
900.00	803.00
901.00	801.00
902.00	825.00
903.00	857.00
904.00	817.00
905.00	847.00
906.00	780.00
907.00	786.00
908.00	817.00
909.00	789.00
910.00	815.00
911.00	764.00
912.00	832.00
913.00	836.00
914.00	794.00
915.00	867.00
916.00	845.00
917.00	934.00
918.00	876.00
919.00	923.00
920.00	973.00
921.00	997.00
922.00	1023.00
923.00	1196.00
924.00	1211.00
925.00	1244.00
926.00	1307.00
927.00	1402.00
928.00	1442.00
929.00	1418.00
930.00	1512.00
931.00	1609.00
932.00	1646.00
933.00	1776.00
934.00	1822.00
935.00	1825.00
936.00	1944.00
937.00	2027.00
938.00	1914.00
939.00	2027.00
940.00	2061.00
941.00	2073.00
942.00	2099.00
943.00	2063.00
944.00	1972.00
945.00	2072.00
946.00	1899.00
947.00	1892.00
948.00	1779.00
949.00	1788.00
950.00	1801.00
951.00	1662.00
952.00	1580.00
953.00	1515.00
954.00	1441.00
955.00	1386.00
956.00	1322.00
957.00	1167.00
958.00	1144.00
959.00	1026.00
960.00	1139.00
961.00	957.00
962.00	904.00
963.00	903.00
964.00	852.00
965.00	805.00
966.00	750.00
967.00	752.00
968.00	755.00
969.00	683.00
970.00	691.00
971.00	665.00
972.00	661.00
973.00	545.00
974.00	526.00
975.00	560.00
976.00	542.00
977.00	544.00
978.00	560.00
979.00	520.00
980.00	490.00
981.00	554.00
982.00	568.00
983.00	561.00
984.00	597.00
985.00	667.00
986.00	636.00
987.00	767.00
988.00	758.00
989.00	816.00
990.00	885.00
991.00	980.00
992.00	1034.00
993.00	1111.00
994.00	1257.00
995.00	1179.00
996.00	1304.00
997.00	1223.00
998.00	1207.00
999.00	1293.00
1000.00	1176.00
1001.00	1142.00
1002.00	993.00
1003.00	961.00
1004.00	893.00
1005.00	801.00
1006.00	681.00
1007.00	625.00
1008.00	609.00
1009.00	565.00
1010.00	489.00
1011.00	470.00
1012.00	452.00
1013.00	410.00
1014.00	410.00
1015.00	385.00
1016.00	379.00
1017.00	404.00
1018.00	385.00
1019.00	438.00
1020.00	375.00
1021.00	368.00
1022.00	403.00
1023.00	432.00
1024.00	420.00
