Date:	2023-08-23		
Time:	21:20		
Sample name:	MI1D_E_F		
Position:	1168.000049	mm	
Sample surface:	4.865795	cm	
Tube anode:	Mo		
Tube voltage:	30	kV	
Tube current:	30	mA	
Comments	not in position		
Gain	0.060000		
peaking_time	1.500000	m-sec	
trigger_threshold	653.076172	V	
mca_bin_width	17.500000	no:	
number_mca_channels	1024.000000	no:	
gap_time	0.080000	m-sec	
trigger_peaking_time	0.060000	m-sec	
livetime	6.725627	seconds	
runtime	10.007465	seconds	
input_count_rate	52741.322902	cps	
output_count_rate	35445.938614	cps	
triggers	0	seconds	
events_in_run	0	seconds	
channel	content		
 1.00	 0.00
 2.00	 0.00
 3.00	 0.00
 4.00	 0.00
 5.00	 0.00
 6.00	 0.00
 7.00	 0.00
 8.00	 0.00
 9.00	 0.00
10.00	 0.00
11.00	 0.00
12.00	 0.00
13.00	 0.00
14.00	 0.00
15.00	 0.00
16.00	 0.00
17.00	 0.00
18.00	 0.00
19.00	 0.00
20.00	 0.00
21.00	 0.00
22.00	 0.00
23.00	 0.00
24.00	 0.00
25.00	 0.00
26.00	 0.00
27.00	 0.00
28.00	 0.00
29.00	 0.00
30.00	 0.00
31.00	 0.00
32.00	 0.00
33.00	 0.00
34.00	 0.00
35.00	 1.00
36.00	 0.00
37.00	 5.00
38.00	 7.00
39.00	 8.00
40.00	14.00
41.00	10.00
42.00	19.00
43.00	33.00
44.00	26.00
45.00	47.00
46.00	61.00
47.00	63.00
48.00	99.00
49.00	139.00
50.00	142.00
51.00	201.00
52.00	252.00
53.00	278.00
54.00	381.00
55.00	442.00
56.00	539.00
57.00	567.00
58.00	658.00
59.00	708.00
60.00	778.00
61.00	848.00
62.00	898.00
63.00	969.00
64.00	1047.00
65.00	1071.00
66.00	1229.00
67.00	1251.00
68.00	1297.00
69.00	1284.00
70.00	1250.00
71.00	1341.00
72.00	1266.00
73.00	1309.00
74.00	1317.00
75.00	1250.00
76.00	1279.00
77.00	1237.00
78.00	1338.00
79.00	1151.00
80.00	1216.00
81.00	1275.00
82.00	1254.00
83.00	1224.00
84.00	1251.00
85.00	1287.00
86.00	1272.00
87.00	1248.00
88.00	1197.00
89.00	1167.00
90.00	1096.00
91.00	1000.00
92.00	980.00
93.00	978.00
94.00	962.00
95.00	919.00
96.00	939.00
97.00	936.00
98.00	904.00
99.00	921.00
100.00	922.00
101.00	938.00
102.00	915.00
103.00	893.00
104.00	838.00
105.00	873.00
106.00	873.00
107.00	847.00
108.00	845.00
109.00	847.00
110.00	898.00
111.00	826.00
112.00	824.00
113.00	776.00
114.00	775.00
115.00	791.00
116.00	673.00
117.00	778.00
118.00	735.00
119.00	678.00
120.00	687.00
121.00	671.00
122.00	641.00
123.00	639.00
124.00	612.00
125.00	655.00
126.00	621.00
127.00	629.00
128.00	635.00
129.00	621.00
130.00	654.00
131.00	648.00
132.00	591.00
133.00	582.00
134.00	605.00
135.00	611.00
136.00	550.00
137.00	556.00
138.00	509.00
139.00	510.00
140.00	540.00
141.00	537.00
142.00	486.00
143.00	514.00
144.00	445.00
145.00	461.00
146.00	477.00
147.00	455.00
148.00	445.00
149.00	445.00
150.00	474.00
151.00	428.00
152.00	449.00
153.00	445.00
154.00	445.00
155.00	453.00
156.00	459.00
157.00	403.00
158.00	413.00
159.00	443.00
160.00	425.00
161.00	466.00
162.00	482.00
163.00	518.00
164.00	573.00
165.00	658.00
166.00	770.00
167.00	935.00
168.00	1050.00
169.00	1131.00
170.00	1246.00
171.00	1191.00
172.00	1078.00
173.00	973.00
174.00	867.00
175.00	704.00
176.00	558.00
177.00	490.00
178.00	411.00
179.00	452.00
180.00	406.00
181.00	413.00
182.00	483.00
183.00	444.00
184.00	453.00
185.00	452.00
186.00	417.00
187.00	397.00
188.00	390.00
189.00	403.00
190.00	342.00
191.00	388.00
192.00	356.00
193.00	322.00
194.00	378.00
195.00	318.00
196.00	332.00
197.00	310.00
198.00	311.00
199.00	315.00
200.00	324.00
201.00	372.00
202.00	373.00
203.00	387.00
204.00	395.00
205.00	421.00
206.00	555.00
207.00	623.00
208.00	797.00
209.00	902.00
210.00	1078.00
211.00	1174.00
212.00	1294.00
213.00	1188.00
214.00	1142.00
215.00	957.00
216.00	850.00
217.00	718.00
218.00	548.00
219.00	451.00
220.00	359.00
221.00	350.00
222.00	345.00
223.00	381.00
224.00	333.00
225.00	387.00
226.00	390.00
227.00	405.00
228.00	469.00
229.00	486.00
230.00	441.00
231.00	502.00
232.00	445.00
233.00	467.00
234.00	433.00
235.00	408.00
236.00	356.00
237.00	335.00
238.00	358.00
239.00	383.00
240.00	326.00
241.00	341.00
242.00	339.00
243.00	352.00
244.00	363.00
245.00	361.00
246.00	342.00
247.00	387.00
248.00	420.00
249.00	467.00
250.00	597.00
251.00	804.00
252.00	1062.00
253.00	1532.00
254.00	1924.00
255.00	2404.00
256.00	2988.00
257.00	3577.00
258.00	3834.00
259.00	3872.00
260.00	3898.00
261.00	3570.00
262.00	3103.00
263.00	2586.00
264.00	2014.00
265.00	1441.00
266.00	1267.00
267.00	973.00
268.00	837.00
269.00	676.00
270.00	651.00
271.00	613.00
272.00	591.00
273.00	621.00
274.00	622.00
275.00	689.00
276.00	685.00
277.00	772.00
278.00	858.00
279.00	976.00
280.00	1096.00
281.00	1148.00
282.00	1315.00
283.00	1286.00
284.00	1313.00
285.00	1318.00
286.00	1184.00
287.00	1074.00
288.00	1001.00
289.00	860.00
290.00	804.00
291.00	750.00
292.00	723.00
293.00	692.00
294.00	757.00
295.00	692.00
296.00	772.00
297.00	776.00
298.00	690.00
299.00	802.00
300.00	810.00
301.00	793.00
302.00	878.00
303.00	864.00
304.00	951.00
305.00	928.00
306.00	931.00
307.00	926.00
308.00	994.00
309.00	1025.00
310.00	1070.00
311.00	1081.00
312.00	1063.00
313.00	1063.00
314.00	1091.00
315.00	1110.00
316.00	1025.00
317.00	990.00
318.00	1058.00
319.00	1069.00
320.00	1060.00
321.00	1069.00
322.00	1083.00
323.00	1133.00
324.00	1143.00
325.00	1140.00
326.00	1156.00
327.00	1233.00
328.00	1210.00
329.00	1218.00
330.00	1300.00
331.00	1305.00
332.00	1361.00
333.00	1351.00
334.00	1377.00
335.00	1467.00
336.00	1460.00
337.00	1545.00
338.00	1517.00
339.00	1590.00
340.00	1573.00
341.00	1573.00
342.00	1573.00
343.00	1583.00
344.00	1633.00
345.00	1605.00
346.00	1578.00
347.00	1643.00
348.00	1629.00
349.00	1663.00
350.00	1699.00
351.00	1791.00
352.00	1875.00
353.00	2141.00
354.00	2401.00
355.00	2847.00
356.00	3566.00
357.00	4577.00
358.00	6653.00
359.00	9402.00
360.00	13106.00
361.00	18219.00
362.00	23835.00
363.00	30319.00
364.00	36541.00
365.00	41593.00
366.00	45552.00
367.00	46237.00
368.00	45607.00
369.00	42014.00
370.00	36402.00
371.00	29893.00
372.00	23715.00
373.00	17813.00
374.00	12525.00
375.00	8975.00
376.00	6389.00
377.00	4780.00
378.00	3611.00
379.00	3090.00
380.00	2795.00
381.00	2668.00
382.00	2668.00
383.00	2660.00
384.00	2655.00
385.00	2677.00
386.00	2752.00
387.00	2691.00
388.00	2774.00
389.00	2830.00
390.00	3036.00
391.00	3044.00
392.00	3048.00
393.00	3319.00
394.00	3651.00
395.00	3884.00
396.00	4426.00
397.00	5123.00
398.00	5839.00
399.00	6758.00
400.00	7642.00
401.00	8745.00
402.00	9729.00
403.00	10540.00
404.00	10774.00
405.00	10945.00
406.00	10485.00
407.00	9859.00
408.00	8901.00
409.00	7694.00
410.00	6747.00
411.00	5768.00
412.00	5175.00
413.00	4560.00
414.00	4279.00
415.00	4067.00
416.00	4001.00
417.00	3910.00
418.00	3958.00
419.00	4108.00
420.00	4166.00
421.00	4282.00
422.00	4421.00
423.00	4698.00
424.00	4897.00
425.00	5171.00
426.00	5204.00
427.00	5581.00
428.00	5549.00
429.00	5559.00
430.00	5554.00
431.00	5505.00
432.00	5187.00
433.00	5160.00
434.00	4999.00
435.00	4886.00
436.00	4998.00
437.00	4881.00
438.00	4611.00
439.00	4794.00
440.00	4716.00
441.00	4921.00
442.00	4774.00
443.00	5047.00
444.00	5080.00
445.00	4957.00
446.00	5000.00
447.00	5158.00
448.00	5307.00
449.00	5346.00
450.00	5274.00
451.00	5372.00
452.00	5388.00
453.00	5446.00
454.00	5722.00
455.00	5779.00
456.00	5972.00
457.00	6059.00
458.00	6256.00
459.00	6474.00
460.00	6563.00
461.00	6546.00
462.00	6626.00
463.00	6945.00
464.00	6882.00
465.00	6973.00
466.00	7226.00
467.00	7054.00
468.00	7117.00
469.00	7232.00
470.00	7216.00
471.00	7348.00
472.00	7380.00
473.00	7469.00
474.00	7240.00
475.00	7541.00
476.00	7427.00
477.00	7420.00
478.00	7531.00
479.00	7473.00
480.00	7677.00
481.00	7778.00
482.00	7600.00
483.00	7568.00
484.00	7483.00
485.00	7458.00
486.00	7485.00
487.00	7404.00
488.00	7427.00
489.00	7296.00
490.00	7253.00
491.00	7376.00
492.00	7529.00
493.00	7590.00
494.00	7486.00
495.00	7654.00
496.00	7648.00
497.00	7755.00
498.00	7809.00
499.00	7853.00
500.00	7734.00
501.00	7889.00
502.00	7808.00
503.00	7851.00
504.00	8053.00
505.00	8165.00
506.00	8069.00
507.00	8236.00
508.00	8267.00
509.00	8389.00
510.00	8332.00
511.00	8400.00
512.00	8361.00
513.00	8403.00
514.00	8733.00
515.00	8717.00
516.00	8777.00
517.00	8816.00
518.00	8803.00
519.00	8937.00
520.00	9088.00
521.00	9112.00
522.00	9103.00
523.00	9395.00
524.00	9360.00
525.00	9490.00
526.00	9801.00
527.00	9810.00
528.00	10037.00
529.00	9993.00
530.00	10113.00
531.00	10398.00
532.00	10348.00
533.00	10544.00
534.00	10708.00
535.00	10778.00
536.00	10682.00
537.00	10787.00
538.00	10876.00
539.00	10941.00
540.00	10995.00
541.00	11199.00
542.00	11408.00
543.00	11236.00
544.00	11158.00
545.00	11451.00
546.00	11654.00
547.00	11574.00
548.00	11662.00
549.00	11867.00
550.00	11775.00
551.00	12073.00
552.00	12372.00
553.00	12124.00
554.00	12257.00
555.00	12046.00
556.00	12373.00
557.00	12202.00
558.00	12246.00
559.00	11935.00
560.00	12238.00
561.00	12122.00
562.00	12092.00
563.00	12221.00
564.00	12318.00
565.00	12288.00
566.00	12680.00
567.00	12402.00
568.00	12284.00
569.00	12607.00
570.00	12679.00
571.00	12575.00
572.00	12783.00
573.00	12824.00
574.00	12767.00
575.00	12620.00
576.00	13010.00
577.00	12757.00
578.00	12834.00
579.00	13099.00
580.00	13064.00
581.00	13117.00
582.00	13174.00
583.00	13259.00
584.00	13313.00
585.00	13608.00
586.00	13155.00
587.00	13423.00
588.00	13513.00
589.00	13476.00
590.00	13630.00
591.00	13865.00
592.00	13556.00
593.00	13948.00
594.00	13940.00
595.00	14065.00
596.00	14078.00
597.00	14174.00
598.00	14328.00
599.00	14515.00
600.00	14365.00
601.00	14567.00
602.00	14483.00
603.00	14606.00
604.00	14591.00
605.00	14836.00
606.00	14834.00
607.00	15065.00
608.00	14816.00
609.00	15021.00
610.00	15076.00
611.00	15238.00
612.00	15017.00
613.00	15099.00
614.00	15461.00
615.00	15547.00
616.00	15709.00
617.00	15607.00
618.00	15526.00
619.00	15756.00
620.00	15671.00
621.00	15883.00
622.00	16150.00
623.00	15965.00
624.00	16229.00
625.00	16161.00
626.00	16173.00
627.00	16398.00
628.00	16166.00
629.00	16395.00
630.00	16364.00
631.00	16564.00
632.00	16706.00
633.00	16835.00
634.00	16812.00
635.00	16981.00
636.00	16904.00
637.00	17074.00
638.00	17002.00
639.00	17221.00
640.00	17381.00
641.00	17420.00
642.00	17274.00
643.00	17517.00
644.00	17500.00
645.00	17832.00
646.00	17573.00
647.00	17692.00
648.00	17738.00
649.00	17780.00
650.00	17751.00
651.00	17861.00
652.00	17692.00
653.00	18285.00
654.00	18009.00
655.00	18363.00
656.00	18504.00
657.00	18256.00
658.00	18244.00
659.00	18494.00
660.00	18519.00
661.00	18590.00
662.00	18489.00
663.00	18516.00
664.00	18952.00
665.00	18581.00
666.00	18800.00
667.00	19301.00
668.00	19327.00
669.00	19403.00
670.00	19491.00
671.00	20000.00
672.00	20172.00
673.00	20277.00
674.00	20739.00
675.00	21492.00
676.00	22049.00
677.00	22884.00
678.00	23063.00
679.00	23831.00
680.00	24009.00
681.00	24187.00
682.00	23907.00
683.00	24045.00
684.00	23957.00
685.00	23629.00
686.00	22975.00
687.00	22664.00
688.00	22099.00
689.00	21865.00
690.00	21494.00
691.00	21174.00
692.00	21002.00
693.00	20963.00
694.00	21063.00
695.00	20945.00
696.00	20514.00
697.00	20662.00
698.00	20898.00
699.00	21247.00
700.00	20867.00
701.00	20715.00
702.00	21286.00
703.00	21194.00
704.00	21197.00
705.00	20877.00
706.00	21184.00
707.00	21394.00
708.00	21344.00
709.00	21579.00
710.00	21592.00
711.00	21368.00
712.00	21793.00
713.00	21683.00
714.00	21590.00
715.00	21971.00
716.00	22040.00
717.00	22127.00
718.00	22380.00
719.00	21990.00
720.00	22046.00
721.00	22235.00
722.00	22088.00
723.00	21913.00
724.00	22070.00
725.00	22216.00
726.00	22340.00
727.00	22271.00
728.00	22454.00
729.00	22416.00
730.00	22396.00
731.00	22826.00
732.00	22546.00
733.00	22623.00
734.00	22599.00
735.00	22617.00
736.00	22499.00
737.00	22886.00
738.00	22957.00
739.00	23105.00
740.00	23007.00
741.00	22705.00
742.00	23053.00
743.00	23204.00
744.00	23197.00
745.00	23270.00
746.00	23231.00
747.00	22928.00
748.00	23363.00
749.00	23451.00
750.00	23536.00
751.00	23790.00
752.00	23585.00
753.00	24011.00
754.00	23810.00
755.00	23969.00
756.00	23988.00
757.00	24093.00
758.00	24223.00
759.00	24621.00
760.00	24736.00
761.00	24453.00
762.00	24760.00
763.00	24703.00
764.00	24672.00
765.00	24405.00
766.00	24642.00
767.00	24249.00
768.00	24210.00
769.00	24378.00
770.00	24356.00
771.00	24120.00
772.00	24152.00
773.00	24638.00
774.00	24052.00
775.00	24241.00
776.00	24019.00
777.00	24195.00
778.00	24239.00
779.00	24398.00
780.00	24662.00
781.00	24273.00
782.00	24451.00
783.00	24398.00
784.00	24767.00
785.00	24129.00
786.00	24487.00
787.00	24460.00
788.00	24436.00
789.00	24575.00
790.00	24800.00
791.00	24771.00
792.00	24650.00
793.00	24602.00
794.00	24650.00
795.00	24870.00
796.00	24898.00
797.00	25015.00
798.00	24886.00
799.00	25321.00
800.00	25368.00
801.00	25457.00
802.00	25519.00
803.00	25871.00
804.00	25906.00
805.00	26386.00
806.00	26309.00
807.00	26292.00
808.00	26853.00
809.00	26933.00
810.00	26730.00
811.00	26544.00
812.00	26545.00
813.00	26099.00
814.00	26184.00
815.00	25989.00
816.00	25923.00
817.00	25969.00
818.00	25711.00
819.00	25882.00
820.00	25588.00
821.00	25452.00
822.00	25517.00
823.00	25806.00
824.00	25341.00
825.00	25682.00
826.00	25433.00
827.00	25306.00
828.00	25725.00
829.00	25508.00
830.00	25526.00
831.00	25616.00
832.00	25455.00
833.00	25624.00
834.00	25834.00
835.00	25877.00
836.00	25619.00
837.00	25455.00
838.00	25734.00
839.00	25677.00
840.00	25711.00
841.00	25821.00
842.00	26044.00
843.00	25934.00
844.00	25747.00
845.00	26414.00
846.00	25869.00
847.00	26319.00
848.00	26177.00
849.00	25965.00
850.00	26183.00
851.00	26344.00
852.00	26699.00
853.00	26358.00
854.00	26299.00
855.00	26606.00
856.00	26744.00
857.00	26855.00
858.00	26749.00
859.00	26625.00
860.00	26354.00
861.00	26615.00
862.00	26243.00
863.00	26287.00
864.00	26349.00
865.00	26565.00
866.00	26952.00
867.00	26758.00
868.00	26620.00
869.00	26699.00
870.00	26716.00
871.00	26793.00
872.00	27312.00
873.00	27099.00
874.00	27246.00
875.00	27187.00
876.00	27496.00
877.00	27332.00
878.00	27746.00
879.00	27639.00
880.00	27764.00
881.00	28008.00
882.00	28254.00
883.00	27963.00
884.00	28605.00
885.00	28330.00
886.00	28583.00
887.00	28934.00
888.00	28627.00
889.00	29075.00
890.00	29561.00
891.00	29397.00
892.00	29682.00
893.00	30001.00
894.00	30098.00
895.00	30929.00
896.00	31022.00
897.00	31486.00
898.00	31773.00
899.00	32115.00
900.00	32619.00
901.00	32828.00
902.00	33352.00
903.00	33965.00
904.00	34136.00
905.00	35037.00
906.00	35165.00
907.00	35641.00
908.00	36561.00
909.00	37270.00
910.00	37731.00
911.00	38788.00
912.00	38865.00
913.00	40532.00
914.00	42160.00
915.00	43052.00
916.00	44956.00
917.00	46592.00
918.00	48328.00
919.00	50793.00
920.00	52556.00
921.00	55403.00
922.00	58555.00
923.00	61819.00
924.00	64935.00
925.00	69057.00
926.00	73145.00
927.00	76631.00
928.00	79905.00
929.00	84988.00
930.00	88824.00
931.00	92767.00
932.00	97028.00
933.00	100600.00
934.00	104811.00
935.00	107366.00
936.00	110803.00
937.00	112817.00
938.00	115096.00
939.00	116727.00
940.00	117201.00
941.00	117035.00
942.00	117247.00
943.00	116904.00
944.00	114537.00
945.00	113499.00
946.00	110370.00
947.00	107549.00
948.00	104403.00
949.00	100693.00
950.00	97351.00
951.00	93040.00
952.00	89363.00
953.00	84203.00
954.00	80650.00
955.00	76022.00
956.00	71756.00
957.00	67999.00
958.00	63962.00
959.00	60364.00
960.00	57075.00
961.00	53500.00
962.00	50667.00
963.00	47923.00
964.00	45321.00
965.00	42774.00
966.00	40714.00
967.00	38446.00
968.00	36647.00
969.00	34970.00
970.00	34123.00
971.00	32211.00
972.00	31184.00
973.00	29764.00
974.00	29021.00
975.00	28177.00
976.00	27977.00
977.00	27246.00
978.00	27058.00
979.00	26780.00
980.00	26656.00
981.00	26972.00
982.00	27102.00
983.00	27596.00
984.00	28383.00
985.00	29638.00
986.00	31379.00
987.00	33158.00
988.00	35040.00
989.00	37239.00
990.00	39236.00
991.00	41333.00
992.00	44238.00
993.00	46500.00
994.00	47993.00
995.00	49641.00
996.00	50893.00
997.00	51329.00
998.00	50355.00
999.00	49991.00
1000.00	48082.00
1001.00	46236.00
1002.00	43041.00
1003.00	40853.00
1004.00	37542.00
1005.00	34642.00
1006.00	31640.00
1007.00	29501.00
1008.00	26907.00
1009.00	25270.00
1010.00	23746.00
1011.00	22820.00
1012.00	21630.00
1013.00	21240.00
1014.00	20609.00
1015.00	20156.00
1016.00	20162.00
1017.00	20081.00
1018.00	20280.00
1019.00	19996.00
1020.00	20146.00
1021.00	20302.00
1022.00	20541.00
1023.00	20419.00
1024.00	20691.00
