Date:	2023-08-23		
Time:	13:44		
Sample name:	MI1A_B_C		
Position:	1064.000049	mm	
Sample surface:	4.100000	cm	
Tube anode:	Mo		
Tube voltage:	30	kV	
Tube current:	30	mA	
Comments	not in position		
Gain	0.060000		
peaking_time	1.500000	m-sec	
trigger_threshold	653.076172	V	
mca_bin_width	17.500000	no:	
number_mca_channels	1024.000000	no:	
gap_time	0.080000	m-sec	
trigger_peaking_time	0.060000	m-sec	
livetime	6.757330	seconds	
runtime	10.007464	seconds	
input_count_rate	50526.650578	cps	
output_count_rate	34118.234150	cps	
triggers	0	seconds	
events_in_run	0	seconds	
channel	content		
 1.00	 0.00
 2.00	 0.00
 3.00	 0.00
 4.00	 0.00
 5.00	 0.00
 6.00	 0.00
 7.00	 0.00
 8.00	 0.00
 9.00	 0.00
10.00	 0.00
11.00	 0.00
12.00	 0.00
13.00	 0.00
14.00	 0.00
15.00	 0.00
16.00	 0.00
17.00	 0.00
18.00	 0.00
19.00	 0.00
20.00	 0.00
21.00	 0.00
22.00	 0.00
23.00	 0.00
24.00	 0.00
25.00	 0.00
26.00	 0.00
27.00	 0.00
28.00	 0.00
29.00	 0.00
30.00	 0.00
31.00	 1.00
32.00	 4.00
33.00	 6.00
34.00	 9.00
35.00	20.00
36.00	17.00
37.00	31.00
38.00	29.00
39.00	64.00
40.00	93.00
41.00	110.00
42.00	169.00
43.00	236.00
44.00	350.00
45.00	487.00
46.00	645.00
47.00	833.00
48.00	1128.00
49.00	1425.00
50.00	1860.00
51.00	2266.00
52.00	2753.00
53.00	3321.00
54.00	3948.00
55.00	4682.00
56.00	5364.00
57.00	6238.00
58.00	7126.00
59.00	7858.00
60.00	8721.00
61.00	9545.00
62.00	10175.00
63.00	10859.00
64.00	11595.00
65.00	12143.00
66.00	12650.00
67.00	13017.00
68.00	13290.00
69.00	13672.00
70.00	13833.00
71.00	14002.00
72.00	13812.00
73.00	14094.00
74.00	14049.00
75.00	13672.00
76.00	13468.00
77.00	13434.00
78.00	13401.00
79.00	13101.00
80.00	13166.00
81.00	13340.00
82.00	13364.00
83.00	13379.00
84.00	13535.00
85.00	13638.00
86.00	13699.00
87.00	13209.00
88.00	12789.00
89.00	12359.00
90.00	11697.00
91.00	11471.00
92.00	10775.00
93.00	10797.00
94.00	10394.00
95.00	10191.00
96.00	10314.00
97.00	10054.00
98.00	9990.00
99.00	10009.00
100.00	9850.00
101.00	9769.00
102.00	9564.00
103.00	9778.00
104.00	9585.00
105.00	9613.00
106.00	9487.00
107.00	9341.00
108.00	9127.00
109.00	9239.00
110.00	9280.00
111.00	8881.00
112.00	8711.00
113.00	8559.00
114.00	8647.00
115.00	8415.00
116.00	8127.00
117.00	7959.00
118.00	7831.00
119.00	7797.00
120.00	7485.00
121.00	7367.00
122.00	7240.00
123.00	7037.00
124.00	6966.00
125.00	6802.00
126.00	6775.00
127.00	6762.00
128.00	6623.00
129.00	6734.00
130.00	6490.00
131.00	6466.00
132.00	6468.00
133.00	6413.00
134.00	6227.00
135.00	6265.00
136.00	6001.00
137.00	5906.00
138.00	5638.00
139.00	5449.00
140.00	5469.00
141.00	5326.00
142.00	5330.00
143.00	5267.00
144.00	5013.00
145.00	5110.00
146.00	4977.00
147.00	4889.00
148.00	4945.00
149.00	4927.00
150.00	4982.00
151.00	4820.00
152.00	4797.00
153.00	4633.00
154.00	4790.00
155.00	4594.00
156.00	4481.00
157.00	4476.00
158.00	4478.00
159.00	4443.00
160.00	4553.00
161.00	4684.00
162.00	4894.00
163.00	5404.00
164.00	6158.00
165.00	7114.00
166.00	8224.00
167.00	9896.00
168.00	11436.00
169.00	12502.00
170.00	12935.00
171.00	13022.00
172.00	11666.00
173.00	10574.00
174.00	8997.00
175.00	7429.00
176.00	6294.00
177.00	5427.00
178.00	4911.00
179.00	4521.00
180.00	4425.00
181.00	4532.00
182.00	4666.00
183.00	4768.00
184.00	4677.00
185.00	4440.00
186.00	4446.00
187.00	4164.00
188.00	4039.00
189.00	3980.00
190.00	3729.00
191.00	3676.00
192.00	3591.00
193.00	3620.00
194.00	3462.00
195.00	3634.00
196.00	3353.00
197.00	3451.00
198.00	3376.00
199.00	3379.00
200.00	3315.00
201.00	3466.00
202.00	3564.00
203.00	3759.00
204.00	3953.00
205.00	4229.00
206.00	4688.00
207.00	5330.00
208.00	6239.00
209.00	6990.00
210.00	7527.00
211.00	8288.00
212.00	8616.00
213.00	8570.00
214.00	7959.00
215.00	7101.00
216.00	6362.00
217.00	5566.00
218.00	4834.00
219.00	4210.00
220.00	3922.00
221.00	3683.00
222.00	3666.00
223.00	3637.00
224.00	3541.00
225.00	3842.00
226.00	3901.00
227.00	4010.00
228.00	4190.00
229.00	4302.00
230.00	4277.00
231.00	4242.00
232.00	4226.00
233.00	4113.00
234.00	3909.00
235.00	3795.00
236.00	3754.00
237.00	3666.00
238.00	3511.00
239.00	3433.00
240.00	3411.00
241.00	3568.00
242.00	3691.00
243.00	3524.00
244.00	3582.00
245.00	3715.00
246.00	3769.00
247.00	3929.00
248.00	4261.00
249.00	4887.00
250.00	5532.00
251.00	6641.00
252.00	7906.00
253.00	9429.00
254.00	11155.00
255.00	12687.00
256.00	14400.00
257.00	15480.00
258.00	15761.00
259.00	15539.00
260.00	14444.00
261.00	13180.00
262.00	11714.00
263.00	9823.00
264.00	8723.00
265.00	7371.00
266.00	6667.00
267.00	6000.00
268.00	5816.00
269.00	5775.00
270.00	5843.00
271.00	6194.00
272.00	6610.00
273.00	7051.00
274.00	7536.00
275.00	8334.00
276.00	8901.00
277.00	9502.00
278.00	9921.00
279.00	9911.00
280.00	10241.00
281.00	9979.00
282.00	9552.00
283.00	9362.00
284.00	9094.00
285.00	8647.00
286.00	8209.00
287.00	7906.00
288.00	7591.00
289.00	7352.00
290.00	7368.00
291.00	7263.00
292.00	7592.00
293.00	7622.00
294.00	7882.00
295.00	8128.00
296.00	8215.00
297.00	8211.00
298.00	8447.00
299.00	8209.00
300.00	8458.00
301.00	8317.00
302.00	8526.00
303.00	8430.00
304.00	8574.00
305.00	8792.00
306.00	8876.00
307.00	9278.00
308.00	9420.00
309.00	9774.00
310.00	9957.00
311.00	10102.00
312.00	9965.00
313.00	10210.00
314.00	10430.00
315.00	10480.00
316.00	10489.00
317.00	10681.00
318.00	10789.00
319.00	10871.00
320.00	10601.00
321.00	10909.00
322.00	11065.00
323.00	11109.00
324.00	11140.00
325.00	11210.00
326.00	11430.00
327.00	11762.00
328.00	12104.00
329.00	12365.00
330.00	12403.00
331.00	12606.00
332.00	13120.00
333.00	13125.00
334.00	13546.00
335.00	13510.00
336.00	13712.00
337.00	14054.00
338.00	14256.00
339.00	14146.00
340.00	14571.00
341.00	14510.00
342.00	14570.00
343.00	14701.00
344.00	14880.00
345.00	14991.00
346.00	15134.00
347.00	15217.00
348.00	15453.00
349.00	15516.00
350.00	15975.00
351.00	16570.00
352.00	16742.00
353.00	17400.00
354.00	18344.00
355.00	20046.00
356.00	22132.00
357.00	26247.00
358.00	32015.00
359.00	40550.00
360.00	52001.00
361.00	66811.00
362.00	84088.00
363.00	103172.00
364.00	121551.00
365.00	137348.00
366.00	147817.00
367.00	152579.00
368.00	148373.00
369.00	137232.00
370.00	121447.00
371.00	102484.00
372.00	83927.00
373.00	66836.00
374.00	52839.00
375.00	41916.00
376.00	34469.00
377.00	29837.00
378.00	26697.00
379.00	25427.00
380.00	24599.00
381.00	24736.00
382.00	24495.00
383.00	24855.00
384.00	25139.00
385.00	25189.00
386.00	25656.00
387.00	26255.00
388.00	26597.00
389.00	27073.00
390.00	27436.00
391.00	27685.00
392.00	28842.00
393.00	29123.00
394.00	30296.00
395.00	31585.00
396.00	33265.00
397.00	35414.00
398.00	37789.00
399.00	40976.00
400.00	44077.00
401.00	47245.00
402.00	50272.00
403.00	52392.00
404.00	54180.00
405.00	54611.00
406.00	53770.00
407.00	51455.00
408.00	49267.00
409.00	46405.00
410.00	43768.00
411.00	41351.00
412.00	39990.00
413.00	38691.00
414.00	37800.00
415.00	37572.00
416.00	38129.00
417.00	38490.00
418.00	38849.00
419.00	39973.00
420.00	41156.00
421.00	43095.00
422.00	45121.00
423.00	47055.00
424.00	49922.00
425.00	51855.00
426.00	53969.00
427.00	55492.00
428.00	57042.00
429.00	56758.00
430.00	56293.00
431.00	55339.00
432.00	53757.00
433.00	52167.00
434.00	50370.00
435.00	49398.00
436.00	48578.00
437.00	47826.00
438.00	47502.00
439.00	47078.00
440.00	47765.00
441.00	48036.00
442.00	48510.00
443.00	49001.00
444.00	49744.00
445.00	49947.00
446.00	50504.00
447.00	51095.00
448.00	51320.00
449.00	52267.00
450.00	53267.00
451.00	53685.00
452.00	54469.00
453.00	55448.00
454.00	56305.00
455.00	57748.00
456.00	58812.00
457.00	60129.00
458.00	61433.00
459.00	63292.00
460.00	64225.00
461.00	66118.00
462.00	66123.00
463.00	67419.00
464.00	68839.00
465.00	69412.00
466.00	69998.00
467.00	71093.00
468.00	71809.00
469.00	71956.00
470.00	72522.00
471.00	73050.00
472.00	73392.00
473.00	73659.00
474.00	73869.00
475.00	74932.00
476.00	74954.00
477.00	74737.00
478.00	75914.00
479.00	75985.00
480.00	76470.00
481.00	76103.00
482.00	76047.00
483.00	75332.00
484.00	75109.00
485.00	74291.00
486.00	73983.00
487.00	73309.00
488.00	72770.00
489.00	73068.00
490.00	72863.00
491.00	72600.00
492.00	73611.00
493.00	73559.00
494.00	73999.00
495.00	75596.00
496.00	75327.00
497.00	76032.00
498.00	76230.00
499.00	76859.00
500.00	77908.00
501.00	78245.00
502.00	79463.00
503.00	79158.00
504.00	80031.00
505.00	80484.00
506.00	81217.00
507.00	81875.00
508.00	82467.00
509.00	83238.00
510.00	84220.00
511.00	85431.00
512.00	85340.00
513.00	85962.00
514.00	86859.00
515.00	87455.00
516.00	88569.00
517.00	88016.00
518.00	88850.00
519.00	90096.00
520.00	90714.00
521.00	91840.00
522.00	92517.00
523.00	93163.00
524.00	94813.00
525.00	96404.00
526.00	96912.00
527.00	97878.00
528.00	99379.00
529.00	100583.00
530.00	102057.00
531.00	103065.00
532.00	104534.00
533.00	105796.00
534.00	106020.00
535.00	107055.00
536.00	108361.00
537.00	109189.00
538.00	109641.00
539.00	110400.00
540.00	111388.00
541.00	111625.00
542.00	113203.00
543.00	114034.00
544.00	113504.00
545.00	115005.00
546.00	116123.00
547.00	116212.00
548.00	117468.00
549.00	118520.00
550.00	119569.00
551.00	120193.00
552.00	121179.00
553.00	121639.00
554.00	122805.00
555.00	122677.00
556.00	123156.00
557.00	123468.00
558.00	122618.00
559.00	122817.00
560.00	123007.00
561.00	122760.00
562.00	123246.00
563.00	123782.00
564.00	124347.00
565.00	124964.00
566.00	125430.00
567.00	125399.00
568.00	125801.00
569.00	126996.00
570.00	127236.00
571.00	127920.00
572.00	128287.00
573.00	128902.00
574.00	129894.00
575.00	130261.00
576.00	130336.00
577.00	130198.00
578.00	131440.00
579.00	131154.00
580.00	131793.00
581.00	132765.00
582.00	133597.00
583.00	134187.00
584.00	133972.00
585.00	136088.00
586.00	136205.00
587.00	136534.00
588.00	136925.00
589.00	138388.00
590.00	138844.00
591.00	139457.00
592.00	140103.00
593.00	141163.00
594.00	142206.00
595.00	142449.00
596.00	142725.00
597.00	143640.00
598.00	145073.00
599.00	146394.00
600.00	146887.00
601.00	146454.00
602.00	148585.00
603.00	148612.00
604.00	149095.00
605.00	150167.00
606.00	151029.00
607.00	151492.00
608.00	152961.00
609.00	153441.00
610.00	154012.00
611.00	154925.00
612.00	155409.00
613.00	156308.00
614.00	156568.00
615.00	157869.00
616.00	159376.00
617.00	160615.00
618.00	160411.00
619.00	161070.00
620.00	162182.00
621.00	163796.00
622.00	164710.00
623.00	164974.00
624.00	165135.00
625.00	166612.00
626.00	167430.00
627.00	166900.00
628.00	167571.00
629.00	168555.00
630.00	169355.00
631.00	169275.00
632.00	170943.00
633.00	171508.00
634.00	172391.00
635.00	172855.00
636.00	173673.00
637.00	174524.00
638.00	174903.00
639.00	176529.00
640.00	177173.00
641.00	177750.00
642.00	178940.00
643.00	179274.00
644.00	179704.00
645.00	180798.00
646.00	181730.00
647.00	182319.00
648.00	182420.00
649.00	183289.00
650.00	183600.00
651.00	185203.00
652.00	185197.00
653.00	186663.00
654.00	186542.00
655.00	186871.00
656.00	187823.00
657.00	189129.00
658.00	189680.00
659.00	190194.00
660.00	190684.00
661.00	192128.00
662.00	192181.00
663.00	193134.00
664.00	193676.00
665.00	195493.00
666.00	196092.00
667.00	197256.00
668.00	198403.00
669.00	200190.00
670.00	202372.00
671.00	205935.00
672.00	209150.00
673.00	213094.00
674.00	217239.00
675.00	223246.00
676.00	229615.00
677.00	234737.00
678.00	241137.00
679.00	246504.00
680.00	249854.00
681.00	251908.00
682.00	252251.00
683.00	251982.00
684.00	248966.00
685.00	244839.00
686.00	239938.00
687.00	236469.00
688.00	230900.00
689.00	226696.00
690.00	223161.00
691.00	220811.00
692.00	218162.00
693.00	217665.00
694.00	217240.00
695.00	216525.00
696.00	216842.00
697.00	217475.00
698.00	217799.00
699.00	216969.00
700.00	218278.00
701.00	219298.00
702.00	219373.00
703.00	220753.00
704.00	220893.00
705.00	221654.00
706.00	222616.00
707.00	223408.00
708.00	224050.00
709.00	224329.00
710.00	225125.00
711.00	225231.00
712.00	226952.00
713.00	226808.00
714.00	227298.00
715.00	227916.00
716.00	227983.00
717.00	228835.00
718.00	230058.00
719.00	230762.00
720.00	231107.00
721.00	232721.00
722.00	232551.00
723.00	233285.00
724.00	233812.00
725.00	234388.00
726.00	234564.00
727.00	234072.00
728.00	234998.00
729.00	235611.00
730.00	236418.00
731.00	237189.00
732.00	237360.00
733.00	237551.00
734.00	238497.00
735.00	239049.00
736.00	239547.00
737.00	239966.00
738.00	241007.00
739.00	242537.00
740.00	241657.00
741.00	242481.00
742.00	243072.00
743.00	244537.00
744.00	244106.00
745.00	244961.00
746.00	246250.00
747.00	245689.00
748.00	247317.00
749.00	247762.00
750.00	247970.00
751.00	248948.00
752.00	250413.00
753.00	251624.00
754.00	252642.00
755.00	254704.00
756.00	256357.00
757.00	256825.00
758.00	258454.00
759.00	259644.00
760.00	260543.00
761.00	260296.00
762.00	259914.00
763.00	260165.00
764.00	259694.00
765.00	259471.00
766.00	258830.00
767.00	259116.00
768.00	257488.00
769.00	258295.00
770.00	256310.00
771.00	257022.00
772.00	257189.00
773.00	256900.00
774.00	257679.00
775.00	256602.00
776.00	257319.00
777.00	258182.00
778.00	258224.00
779.00	258951.00
780.00	258681.00
781.00	259238.00
782.00	259306.00
783.00	260311.00
784.00	260475.00
785.00	259472.00
786.00	261326.00
787.00	261892.00
788.00	261938.00
789.00	262699.00
790.00	262782.00
791.00	262169.00
792.00	264100.00
793.00	262240.00
794.00	263255.00
795.00	264693.00
796.00	265244.00
797.00	264681.00
798.00	265803.00
799.00	267491.00
800.00	267271.00
801.00	268665.00
802.00	269158.00
803.00	269624.00
804.00	271143.00
805.00	272223.00
806.00	273286.00
807.00	273113.00
808.00	274738.00
809.00	273733.00
810.00	275444.00
811.00	275050.00
812.00	274512.00
813.00	274272.00
814.00	274136.00
815.00	273259.00
816.00	272915.00
817.00	273023.00
818.00	271439.00
819.00	272822.00
820.00	272173.00
821.00	273674.00
822.00	273076.00
823.00	272885.00
824.00	273415.00
825.00	274442.00
826.00	274031.00
827.00	274376.00
828.00	275367.00
829.00	274261.00
830.00	275500.00
831.00	274524.00
832.00	275896.00
833.00	275643.00
834.00	276576.00
835.00	277352.00
836.00	277478.00
837.00	278410.00
838.00	278945.00
839.00	278734.00
840.00	279035.00
841.00	280203.00
842.00	279262.00
843.00	280062.00
844.00	280411.00
845.00	280657.00
846.00	281541.00
847.00	281829.00
848.00	281864.00
849.00	282639.00
850.00	282513.00
851.00	283230.00
852.00	283933.00
853.00	285560.00
854.00	284057.00
855.00	284347.00
856.00	285307.00
857.00	286316.00
858.00	287010.00
859.00	286930.00
860.00	286785.00
861.00	288033.00
862.00	288607.00
863.00	288854.00
864.00	289170.00
865.00	289224.00
866.00	290195.00
867.00	290857.00
868.00	291501.00
869.00	292808.00
870.00	293586.00
871.00	293545.00
872.00	295297.00
873.00	295274.00
874.00	297344.00
875.00	297745.00
876.00	298970.00
877.00	299187.00
878.00	300612.00
879.00	301176.00
880.00	303221.00
881.00	303751.00
882.00	305354.00
883.00	306988.00
884.00	307577.00
885.00	310608.00
886.00	312794.00
887.00	313749.00
888.00	315206.00
889.00	317649.00
890.00	318928.00
891.00	321616.00
892.00	324709.00
893.00	327184.00
894.00	330353.00
895.00	332823.00
896.00	336898.00
897.00	339196.00
898.00	344145.00
899.00	348139.00
900.00	350855.00
901.00	356021.00
902.00	360027.00
903.00	366043.00
904.00	371140.00
905.00	376982.00
906.00	382910.00
907.00	391326.00
908.00	399224.00
909.00	407834.00
910.00	416949.00
911.00	427217.00
912.00	438089.00
913.00	452940.00
914.00	468098.00
915.00	482679.00
916.00	503352.00
917.00	522288.00
918.00	547052.00
919.00	572439.00
920.00	599055.00
921.00	629095.00
922.00	663383.00
923.00	697349.00
924.00	735692.00
925.00	777643.00
926.00	817402.00
927.00	863864.00
928.00	907471.00
929.00	950743.00
930.00	996728.00
931.00	1040434.00
932.00	1084249.00
933.00	1124939.00
934.00	1162138.00
935.00	1196707.00
936.00	1223857.00
937.00	1250054.00
938.00	1267863.00
939.00	1278329.00
940.00	1285980.00
941.00	1284877.00
942.00	1278603.00
943.00	1268289.00
944.00	1249391.00
945.00	1226811.00
946.00	1197787.00
947.00	1165334.00
948.00	1126997.00
949.00	1088308.00
950.00	1045892.00
951.00	998259.00
952.00	953626.00
953.00	906817.00
954.00	860576.00
955.00	814562.00
956.00	769782.00
957.00	729447.00
958.00	685692.00
959.00	645655.00
960.00	610327.00
961.00	575390.00
962.00	543735.00
963.00	513064.00
964.00	484809.00
965.00	460099.00
966.00	436534.00
967.00	417708.00
968.00	397869.00
969.00	381309.00
970.00	365867.00
971.00	351391.00
972.00	338795.00
973.00	329306.00
974.00	319420.00
975.00	310900.00
976.00	305019.00
977.00	299659.00
978.00	294899.00
979.00	293724.00
980.00	292183.00
981.00	293518.00
982.00	297484.00
983.00	304398.00
984.00	311227.00
985.00	324566.00
986.00	338649.00
987.00	357499.00
988.00	379033.00
989.00	399623.00
990.00	425003.00
991.00	451069.00
992.00	475714.00
993.00	497791.00
994.00	516748.00
995.00	530715.00
996.00	541837.00
997.00	544410.00
998.00	539191.00
999.00	528655.00
1000.00	512959.00
1001.00	490151.00
1002.00	461459.00
1003.00	432706.00
1004.00	401581.00
1005.00	371402.00
1006.00	342546.00
1007.00	317131.00
1008.00	294237.00
1009.00	273998.00
1010.00	260229.00
1011.00	248401.00
1012.00	239066.00
1013.00	232724.00
1014.00	228402.00
1015.00	224639.00
1016.00	223600.00
1017.00	223211.00
1018.00	222391.00
1019.00	222858.00
1020.00	224227.00
1021.00	224893.00
1022.00	226315.00
1023.00	229135.00
1024.00	229846.00
